=== CLUSTERING STEPS POUR matrix_edge_2_223328_228328.csv ===
Nombre d'haplotypes: 8
Timestamp: 2025-06-06T15:35:40.201119
Nombre total de steps: 11

============================================================

STEP 1:
  Groupe positif (reads1): 218 éléments
    Indices: [0, 1, 2, 4, 5, 6, 7, 8, 9, 10, 11, 12, 13, 14, 15, 16, 17, 18, 19, 20, 23, 24, 25, 26, 27, 28, 29, 30, 31, 32, 33, 34, 35, 36, 37, 38, 39, 40, 41, 42, 43, 44, 45, 46, 47, 48, 49, 50, 51, 52, 53, 54, 55, 57, 58, 59, 60, 61, 62, 63, 64, 65, 66, 67, 68, 69, 70, 71, 72, 73, 74, 75, 76, 77, 78, 79, 80, 82, 83, 84, 85, 86, 87, 88, 89, 90, 91, 92, 93, 94, 95, 96, 97, 98, 99, 100, 101, 102, 103, 104, 105, 106, 107, 108, 109, 110, 111, 112, 113, 114, 116, 117, 118, 119, 120, 121, 122, 123, 124, 125, 127, 128, 129, 130, 131, 132, 133, 134, 135, 136, 137, 138, 139, 141, 142, 143, 144, 145, 146, 147, 148, 149, 150, 151, 153, 154, 155, 156, 157, 158, 159, 160, 161, 162, 163, 164, 165, 166, 167, 168, 169, 170, 171, 172, 173, 174, 175, 177, 178, 179, 180, 181, 182, 183, 184, 185, 186, 187, 188, 189, 190, 191, 193, 194, 195, 196, 198, 199, 200, 202, 203, 204, 205, 206, 207, 208, 209, 211, 212, 214, 215, 217, 218, 219, 220, 221, 222, 223, 224, 225, 226, 227, 228, 229, 230, 231, 232, 233]
  Groupe négatif (reads0): 16 éléments
    Indices: [3, 21, 22, 56, 81, 115, 126, 140, 152, 176, 192, 197, 201, 210, 213, 216]
  Colonnes concernées: 29 éléments
    Indices: [1, 2, 3, 4, 5, 10, 24, 27, 30, 32, 39, 44, 49, 50, 52, 53, 54, 55, 58, 59, 60, 62, 68, 72, 79, 82, 83, 85, 89]
  Ratio: 218:16 (positif:négatif)

----------------------------------------

STEP 2:
  Groupe positif (reads1): 191 éléments
    Indices: [0, 2, 3, 5, 6, 7, 8, 9, 11, 12, 14, 15, 16, 17, 18, 19, 20, 21, 22, 23, 24, 25, 26, 27, 28, 29, 30, 31, 32, 33, 34, 35, 37, 38, 40, 41, 43, 44, 46, 47, 48, 49, 50, 52, 54, 55, 56, 57, 58, 59, 60, 61, 62, 63, 64, 65, 66, 68, 69, 70, 71, 73, 74, 75, 76, 78, 79, 81, 82, 83, 84, 85, 86, 87, 89, 90, 91, 92, 94, 95, 96, 97, 98, 99, 100, 101, 102, 103, 105, 106, 108, 109, 110, 111, 112, 113, 114, 115, 117, 119, 120, 121, 122, 123, 124, 125, 126, 127, 128, 129, 130, 131, 132, 133, 134, 136, 137, 138, 140, 141, 142, 143, 144, 145, 147, 148, 149, 150, 152, 153, 154, 155, 156, 158, 159, 162, 163, 164, 165, 167, 168, 170, 171, 172, 173, 174, 177, 178, 180, 181, 182, 183, 184, 185, 186, 187, 188, 189, 190, 192, 194, 197, 198, 199, 200, 201, 202, 203, 205, 206, 207, 210, 211, 213, 214, 215, 216, 218, 219, 220, 221, 222, 223, 224, 225, 227, 229, 230, 231, 232, 233]
  Groupe négatif (reads0): 43 éléments
    Indices: [1, 4, 10, 13, 36, 39, 42, 45, 51, 53, 67, 72, 77, 80, 88, 93, 104, 107, 116, 118, 135, 139, 146, 151, 157, 160, 161, 166, 169, 175, 176, 179, 191, 193, 195, 196, 204, 208, 209, 212, 217, 226, 228]
  Colonnes concernées: 4 éléments
    Indices: [34, 123, 127, 171]
  Ratio: 191:43 (positif:négatif)

----------------------------------------

STEP 3:
  Groupe positif (reads1): 44 éléments
    Indices: [6, 7, 8, 11, 12, 14, 31, 33, 43, 54, 59, 63, 66, 70, 71, 79, 81, 82, 85, 87, 90, 113, 120, 123, 128, 131, 132, 141, 142, 143, 144, 156, 164, 165, 175, 188, 200, 201, 202, 213, 216, 223, 225, 230]
  Groupe négatif (reads0): 190 éléments
    Indices: [0, 1, 2, 3, 4, 5, 9, 10, 13, 15, 16, 17, 18, 19, 20, 21, 22, 23, 24, 25, 26, 27, 28, 29, 30, 32, 34, 35, 36, 37, 38, 39, 40, 41, 42, 44, 45, 46, 47, 48, 49, 50, 51, 52, 53, 55, 56, 57, 58, 60, 61, 62, 64, 65, 67, 68, 69, 72, 73, 74, 75, 76, 77, 78, 80, 83, 84, 86, 88, 89, 91, 92, 93, 94, 95, 96, 97, 98, 99, 100, 101, 102, 103, 104, 105, 106, 107, 108, 109, 110, 111, 112, 114, 115, 116, 117, 118, 119, 121, 122, 124, 125, 126, 127, 129, 130, 133, 134, 135, 136, 137, 138, 139, 140, 145, 146, 147, 148, 149, 150, 151, 152, 153, 154, 155, 157, 158, 159, 160, 161, 162, 163, 166, 167, 168, 169, 170, 171, 172, 173, 174, 176, 177, 178, 179, 180, 181, 182, 183, 184, 185, 186, 187, 189, 190, 191, 192, 193, 194, 195, 196, 197, 198, 199, 203, 204, 205, 206, 207, 208, 209, 210, 211, 212, 214, 215, 217, 218, 219, 220, 221, 222, 224, 226, 227, 228, 229, 231, 232, 233]
  Colonnes concernées: 3 éléments
    Indices: [9, 99, 153]
  Ratio: 44:190 (positif:négatif)

----------------------------------------

STEP 4:
  Groupe positif (reads1): 188 éléments
    Indices: [0, 1, 2, 3, 4, 5, 9, 10, 13, 15, 16, 17, 19, 20, 21, 22, 23, 24, 25, 26, 27, 28, 29, 30, 32, 34, 35, 36, 37, 38, 39, 40, 41, 42, 44, 45, 46, 47, 48, 49, 50, 51, 52, 53, 55, 56, 57, 58, 60, 61, 62, 64, 65, 67, 68, 69, 72, 73, 74, 75, 76, 77, 78, 80, 83, 84, 86, 88, 89, 91, 92, 93, 94, 95, 97, 98, 99, 100, 101, 102, 103, 104, 105, 106, 107, 108, 109, 110, 111, 112, 114, 115, 116, 117, 118, 119, 121, 122, 124, 125, 126, 127, 129, 130, 133, 134, 135, 137, 138, 139, 140, 145, 146, 147, 148, 149, 150, 151, 152, 153, 154, 155, 157, 158, 159, 160, 161, 162, 163, 166, 167, 168, 169, 170, 171, 172, 173, 174, 175, 176, 177, 178, 179, 180, 181, 182, 183, 184, 185, 186, 187, 189, 190, 191, 192, 193, 194, 195, 196, 197, 198, 199, 203, 204, 205, 206, 207, 208, 209, 210, 211, 212, 214, 215, 217, 218, 219, 220, 221, 222, 224, 226, 227, 228, 229, 231, 232, 233]
  Groupe négatif (reads0): 46 éléments
    Indices: [6, 7, 8, 11, 12, 14, 18, 31, 33, 43, 54, 59, 63, 66, 70, 71, 79, 81, 82, 85, 87, 90, 96, 113, 120, 123, 128, 131, 132, 136, 141, 142, 143, 144, 156, 164, 165, 188, 200, 201, 202, 213, 216, 223, 225, 230]
  Colonnes concernées: 9 éléments
    Indices: [21, 118, 131, 133, 134, 144, 147, 159, 177]
  Ratio: 188:46 (positif:négatif)

----------------------------------------

STEP 5:
  Groupe positif (reads1): 182 éléments
    Indices: [1, 2, 3, 4, 5, 6, 7, 8, 9, 10, 11, 12, 13, 14, 15, 16, 18, 20, 21, 22, 23, 24, 25, 26, 27, 28, 29, 30, 31, 33, 34, 35, 36, 37, 39, 40, 41, 42, 43, 45, 46, 47, 48, 49, 50, 51, 52, 53, 54, 57, 58, 59, 60, 61, 62, 63, 64, 65, 66, 67, 68, 69, 70, 71, 72, 73, 74, 75, 76, 77, 79, 80, 81, 82, 84, 85, 87, 88, 89, 90, 92, 93, 94, 95, 96, 104, 106, 107, 108, 109, 110, 111, 112, 113, 115, 116, 118, 119, 120, 122, 123, 125, 126, 127, 128, 129, 130, 131, 132, 133, 135, 136, 137, 138, 139, 140, 141, 142, 143, 144, 146, 147, 148, 151, 152, 153, 154, 156, 157, 158, 160, 161, 162, 163, 164, 165, 166, 167, 168, 169, 175, 176, 178, 179, 180, 181, 182, 183, 184, 186, 188, 190, 191, 192, 193, 194, 195, 196, 199, 200, 201, 202, 204, 207, 208, 209, 210, 211, 212, 213, 214, 216, 217, 218, 219, 222, 223, 225, 226, 228, 230, 233]
  Groupe négatif (reads0): 52 éléments
    Indices: [0, 17, 19, 32, 38, 44, 55, 56, 78, 83, 86, 91, 97, 98, 99, 100, 101, 102, 103, 105, 114, 117, 121, 124, 134, 145, 149, 150, 155, 159, 170, 171, 172, 173, 174, 177, 185, 187, 189, 197, 198, 203, 205, 206, 215, 220, 221, 224, 227, 229, 231, 232]
  Colonnes concernées: 5 éléments
    Indices: [11, 36, 75, 119, 181]
  Ratio: 182:52 (positif:négatif)

----------------------------------------

STEP 6:
  Groupe positif (reads1): 181 éléments
    Indices: [1, 2, 3, 4, 5, 6, 7, 8, 9, 10, 11, 12, 13, 14, 15, 16, 18, 20, 22, 23, 24, 25, 26, 27, 28, 29, 30, 31, 33, 34, 35, 36, 37, 39, 40, 41, 42, 43, 45, 46, 47, 48, 49, 50, 51, 52, 53, 54, 57, 58, 59, 60, 61, 62, 63, 64, 65, 66, 67, 68, 69, 70, 71, 72, 73, 74, 75, 76, 77, 79, 80, 81, 82, 84, 85, 87, 88, 89, 90, 92, 93, 94, 95, 96, 104, 106, 107, 108, 109, 110, 111, 112, 113, 115, 116, 118, 119, 120, 122, 123, 125, 126, 127, 128, 129, 130, 131, 132, 133, 135, 136, 137, 138, 139, 140, 141, 142, 143, 144, 146, 147, 148, 151, 152, 153, 154, 156, 157, 158, 160, 161, 162, 163, 164, 165, 166, 167, 168, 169, 175, 176, 178, 179, 180, 181, 182, 183, 184, 186, 188, 190, 191, 192, 193, 194, 195, 196, 199, 200, 201, 202, 204, 207, 208, 209, 210, 211, 212, 213, 214, 216, 217, 218, 219, 222, 223, 225, 226, 228, 230, 233]
  Groupe négatif (reads0): 53 éléments
    Indices: [0, 17, 19, 21, 32, 38, 44, 55, 56, 78, 83, 86, 91, 97, 98, 99, 100, 101, 102, 103, 105, 114, 117, 121, 124, 134, 145, 149, 150, 155, 159, 170, 171, 172, 173, 174, 177, 185, 187, 189, 197, 198, 203, 205, 206, 215, 220, 221, 224, 227, 229, 231, 232]
  Colonnes concernées: 21 éléments
    Indices: [38, 61, 81, 87, 93, 94, 102, 104, 105, 107, 115, 116, 120, 152, 163, 167, 168, 169, 182, 184, 186]
  Ratio: 181:53 (positif:négatif)

----------------------------------------

STEP 7:
  Groupe positif (reads1): 135 éléments
    Indices: [1, 2, 3, 4, 5, 9, 10, 13, 15, 16, 20, 22, 23, 24, 25, 26, 27, 28, 29, 30, 34, 35, 36, 37, 39, 40, 41, 42, 45, 46, 47, 48, 49, 50, 51, 52, 53, 57, 58, 60, 61, 62, 64, 65, 67, 68, 69, 72, 73, 74, 75, 76, 77, 80, 84, 88, 89, 92, 93, 94, 95, 104, 106, 107, 108, 109, 110, 111, 112, 115, 116, 118, 119, 122, 125, 126, 127, 129, 130, 133, 135, 137, 138, 139, 140, 146, 147, 148, 151, 152, 153, 154, 157, 158, 160, 161, 162, 163, 166, 167, 168, 169, 175, 176, 178, 179, 180, 181, 182, 183, 184, 186, 190, 191, 192, 193, 194, 195, 196, 199, 204, 207, 208, 209, 210, 211, 212, 214, 217, 218, 219, 222, 226, 228, 233]
  Groupe négatif (reads0): 99 éléments
    Indices: [0, 6, 7, 8, 11, 12, 14, 17, 18, 19, 21, 31, 32, 33, 38, 43, 44, 54, 55, 56, 59, 63, 66, 70, 71, 78, 79, 81, 82, 83, 85, 86, 87, 90, 91, 96, 97, 98, 99, 100, 101, 102, 103, 105, 113, 114, 117, 120, 121, 123, 124, 128, 131, 132, 134, 136, 141, 142, 143, 144, 145, 149, 150, 155, 156, 159, 164, 165, 170, 171, 172, 173, 174, 177, 185, 187, 188, 189, 197, 198, 200, 201, 202, 203, 205, 206, 213, 215, 216, 220, 221, 223, 224, 225, 227, 229, 230, 231, 232]
  Colonnes concernées: 10 éléments
    Indices: [14, 92, 128, 132, 136, 137, 143, 150, 151, 172]
  Ratio: 135:99 (positif:négatif)

----------------------------------------

STEP 8:
  Groupe positif (reads1): 92 éléments
    Indices: [2, 3, 5, 9, 15, 16, 20, 22, 23, 24, 25, 26, 27, 28, 29, 30, 34, 35, 37, 40, 41, 46, 47, 48, 49, 50, 52, 57, 58, 60, 61, 62, 64, 65, 68, 69, 73, 74, 75, 76, 84, 89, 92, 94, 95, 106, 108, 109, 110, 111, 112, 115, 119, 122, 125, 126, 127, 129, 130, 133, 137, 138, 140, 147, 148, 152, 153, 154, 158, 162, 163, 167, 168, 178, 180, 181, 182, 183, 184, 186, 190, 192, 194, 199, 207, 210, 211, 214, 218, 219, 222, 233]
  Groupe négatif (reads0): 142 éléments
    Indices: [0, 1, 4, 6, 7, 8, 10, 11, 12, 13, 14, 17, 18, 19, 21, 31, 32, 33, 36, 38, 39, 42, 43, 44, 45, 51, 53, 54, 55, 56, 59, 63, 66, 67, 70, 71, 72, 77, 78, 79, 80, 81, 82, 83, 85, 86, 87, 88, 90, 91, 93, 96, 97, 98, 99, 100, 101, 102, 103, 104, 105, 107, 113, 114, 116, 117, 118, 120, 121, 123, 124, 128, 131, 132, 134, 135, 136, 139, 141, 142, 143, 144, 145, 146, 149, 150, 151, 155, 156, 157, 159, 160, 161, 164, 165, 166, 169, 170, 171, 172, 173, 174, 175, 176, 177, 179, 185, 187, 188, 189, 191, 193, 195, 196, 197, 198, 200, 201, 202, 203, 204, 205, 206, 208, 209, 212, 213, 215, 216, 217, 220, 221, 223, 224, 225, 226, 227, 228, 229, 230, 231, 232]
  Colonnes concernées: 5 éléments
    Indices: [91, 138, 141, 154, 161]
  Ratio: 92:142 (positif:négatif)

----------------------------------------

STEP 9:
  Groupe positif (reads1): 185 éléments
    Indices: [0, 1, 4, 6, 7, 8, 10, 11, 12, 13, 14, 15, 16, 17, 18, 19, 20, 21, 22, 23, 29, 31, 32, 33, 36, 37, 38, 39, 41, 42, 43, 44, 45, 47, 48, 49, 50, 51, 53, 54, 55, 56, 57, 58, 59, 60, 61, 63, 65, 66, 67, 69, 70, 71, 72, 73, 76, 77, 78, 79, 80, 81, 82, 83, 84, 85, 86, 87, 88, 90, 91, 92, 93, 96, 97, 98, 99, 100, 101, 102, 103, 104, 105, 106, 107, 111, 113, 114, 116, 117, 118, 119, 120, 121, 122, 123, 124, 127, 128, 129, 130, 131, 132, 133, 134, 135, 136, 138, 139, 141, 142, 143, 144, 145, 146, 149, 150, 151, 154, 155, 156, 157, 158, 159, 160, 161, 164, 165, 166, 167, 169, 170, 171, 172, 173, 174, 175, 176, 177, 178, 179, 180, 181, 182, 185, 187, 188, 189, 191, 192, 193, 194, 195, 196, 197, 198, 199, 200, 201, 202, 203, 204, 205, 206, 208, 209, 212, 213, 215, 216, 217, 218, 220, 221, 222, 223, 224, 225, 226, 227, 228, 229, 230, 231, 232]
  Groupe négatif (reads0): 49 éléments
    Indices: [2, 3, 5, 9, 24, 25, 26, 27, 28, 30, 34, 35, 40, 46, 52, 62, 64, 68, 74, 75, 89, 94, 95, 108, 109, 110, 112, 115, 125, 126, 137, 140, 147, 148, 152, 153, 162, 163, 168, 183, 184, 186, 190, 207, 210, 211, 214, 219, 233]
  Colonnes concernées: 7 éléments
    Indices: [15, 16, 25, 28, 29, 63, 100]
  Ratio: 185:49 (positif:négatif)

----------------------------------------

STEP 10:
  Groupe positif (reads1): 142 éléments
    Indices: [0, 6, 7, 8, 11, 12, 14, 15, 16, 17, 18, 19, 20, 21, 22, 23, 29, 31, 32, 33, 37, 38, 41, 43, 44, 47, 48, 49, 50, 54, 55, 56, 57, 58, 59, 60, 61, 63, 65, 66, 69, 70, 71, 73, 76, 78, 79, 81, 82, 83, 84, 85, 86, 87, 90, 91, 92, 96, 97, 98, 99, 100, 101, 102, 103, 105, 106, 111, 113, 114, 117, 119, 120, 121, 122, 123, 124, 127, 128, 129, 130, 131, 132, 133, 134, 136, 138, 141, 142, 143, 144, 145, 149, 150, 154, 155, 156, 158, 159, 164, 165, 167, 170, 171, 172, 173, 174, 177, 178, 180, 181, 182, 185, 187, 188, 189, 192, 194, 197, 198, 199, 200, 201, 202, 203, 205, 206, 213, 215, 216, 218, 220, 221, 222, 223, 224, 225, 227, 229, 230, 231, 232]
  Groupe négatif (reads0): 91 éléments
    Indices: [1, 2, 3, 4, 5, 9, 10, 13, 24, 25, 26, 27, 28, 30, 34, 35, 36, 39, 40, 42, 45, 46, 51, 52, 53, 62, 64, 67, 68, 72, 74, 75, 77, 80, 88, 89, 93, 94, 95, 104, 107, 108, 109, 110, 112, 115, 116, 118, 125, 126, 135, 137, 139, 140, 146, 147, 148, 151, 153, 157, 160, 161, 162, 163, 166, 168, 169, 175, 176, 179, 183, 184, 186, 190, 191, 193, 195, 196, 204, 207, 208, 209, 210, 211, 212, 214, 217, 219, 226, 228, 233]
  Colonnes concernées: 4 éléments
    Indices: [175, 183, 185, 187]
  Ratio: 142:91 (positif:négatif)

----------------------------------------

STEP 11:
  Groupe positif (reads1): 191 éléments
    Indices: [0, 1, 2, 3, 4, 5, 6, 7, 8, 9, 10, 11, 12, 13, 14, 17, 18, 19, 21, 24, 25, 26, 27, 28, 30, 31, 32, 33, 34, 35, 36, 38, 39, 40, 42, 43, 44, 45, 46, 51, 52, 53, 54, 55, 56, 59, 62, 63, 64, 66, 67, 68, 70, 71, 72, 74, 75, 77, 78, 79, 80, 81, 82, 83, 85, 86, 87, 88, 89, 90, 91, 93, 94, 95, 96, 97, 98, 99, 100, 101, 102, 103, 104, 105, 107, 108, 109, 110, 112, 113, 114, 115, 116, 117, 118, 120, 121, 123, 124, 125, 126, 128, 131, 132, 134, 135, 136, 137, 139, 140, 141, 142, 143, 144, 145, 146, 147, 148, 149, 150, 151, 152, 153, 155, 156, 157, 159, 160, 161, 162, 163, 164, 165, 166, 168, 169, 170, 171, 172, 173, 174, 175, 176, 177, 179, 183, 184, 185, 186, 187, 188, 189, 190, 191, 193, 195, 196, 197, 198, 200, 201, 202, 203, 204, 205, 206, 207, 208, 209, 210, 211, 212, 213, 214, 215, 216, 217, 219, 220, 221, 223, 224, 225, 226, 227, 228, 229, 230, 231, 232, 233]
  Groupe négatif (reads0): 41 éléments
    Indices: [15, 16, 20, 22, 23, 29, 37, 41, 47, 48, 49, 50, 57, 58, 60, 61, 65, 69, 73, 76, 84, 92, 106, 119, 122, 127, 129, 130, 133, 138, 154, 158, 178, 180, 181, 182, 192, 194, 199, 218, 222]
  Colonnes concernées: 4 éléments
    Indices: [46, 51, 56, 178]
  Ratio: 191:41 (positif:négatif)

----------------------------------------

