=== CLUSTERING STEPS POUR matrix_edge_2_209370_214370.csv ===
Nombre d'haplotypes: 8
Timestamp: 2025-06-06T15:35:37.663895
Nombre total de steps: 16

============================================================

STEP 1:
  Groupe positif (reads1): 94 éléments
    Indices: [23, 24, 25, 26, 27, 28, 29, 30, 35, 36, 37, 41, 43, 54, 55, 59, 64, 68, 69, 71, 89, 92, 94, 117, 118, 119, 120, 127, 132, 133, 134, 147, 148, 150, 160, 161, 164, 165, 168, 170, 176, 177, 182, 183, 185, 187, 188, 192, 199, 200, 204, 205, 206, 211, 215, 217, 219, 221, 224, 226, 227, 231, 232, 238, 242, 244, 246, 248, 249, 250, 262, 265, 269, 273, 274, 275, 281, 283, 284, 285, 286, 287, 303, 305, 309, 316, 320, 339, 341, 348, 350, 352, 356, 357]
  Groupe négatif (reads0): 264 éléments
    Indices: [0, 1, 2, 3, 4, 5, 6, 7, 8, 9, 10, 11, 12, 13, 14, 15, 16, 17, 18, 19, 20, 21, 22, 31, 32, 33, 34, 38, 39, 40, 42, 44, 45, 46, 47, 48, 49, 50, 51, 52, 53, 56, 57, 58, 60, 61, 62, 63, 65, 66, 67, 70, 72, 73, 74, 75, 76, 77, 78, 79, 80, 81, 82, 83, 84, 85, 86, 87, 88, 90, 91, 93, 95, 96, 97, 98, 99, 100, 101, 102, 103, 104, 105, 106, 107, 108, 109, 110, 111, 112, 113, 114, 115, 116, 121, 122, 123, 124, 125, 126, 128, 129, 130, 131, 135, 136, 137, 138, 139, 140, 141, 142, 143, 144, 145, 146, 149, 151, 152, 153, 154, 155, 156, 157, 158, 159, 162, 163, 166, 167, 169, 171, 172, 173, 174, 175, 178, 179, 180, 181, 184, 186, 189, 190, 191, 193, 194, 195, 196, 197, 198, 201, 202, 203, 207, 208, 209, 210, 212, 213, 214, 216, 218, 220, 222, 223, 225, 228, 229, 230, 233, 234, 235, 236, 237, 239, 240, 241, 243, 245, 247, 251, 252, 253, 254, 255, 256, 257, 258, 259, 260, 261, 263, 264, 266, 267, 268, 270, 271, 272, 276, 277, 278, 279, 280, 282, 288, 289, 290, 291, 292, 293, 294, 295, 296, 297, 298, 299, 300, 301, 302, 304, 306, 307, 308, 310, 311, 312, 313, 314, 315, 317, 318, 319, 321, 322, 323, 324, 325, 326, 327, 328, 329, 330, 331, 332, 333, 334, 335, 336, 337, 338, 340, 342, 343, 344, 345, 346, 347, 349, 351, 353, 354, 355]
  Colonnes concernées: 5 éléments
    Indices: [1, 7, 9, 234, 241]
  Ratio: 94:264 (positif:négatif)

----------------------------------------

STEP 2:
  Groupe positif (reads1): 310 éléments
    Indices: [0, 1, 2, 3, 4, 5, 6, 7, 8, 9, 10, 11, 12, 13, 14, 15, 16, 17, 18, 19, 20, 21, 22, 31, 32, 33, 34, 38, 39, 40, 42, 44, 45, 46, 47, 48, 49, 50, 51, 52, 53, 56, 57, 58, 60, 61, 62, 63, 65, 66, 67, 70, 72, 73, 74, 75, 76, 77, 78, 79, 80, 81, 82, 83, 84, 85, 86, 87, 88, 90, 91, 93, 95, 96, 97, 98, 99, 100, 101, 102, 103, 104, 105, 106, 107, 108, 109, 110, 111, 112, 113, 114, 115, 116, 121, 122, 123, 124, 125, 126, 128, 129, 130, 131, 135, 136, 137, 138, 139, 140, 141, 142, 143, 144, 145, 146, 149, 151, 152, 153, 154, 155, 156, 157, 158, 159, 160, 162, 163, 166, 167, 169, 171, 172, 173, 174, 175, 178, 179, 180, 181, 184, 186, 189, 190, 191, 192, 193, 194, 195, 196, 197, 198, 199, 200, 201, 202, 203, 204, 205, 206, 207, 208, 209, 210, 211, 212, 213, 214, 216, 217, 218, 219, 220, 221, 222, 223, 224, 225, 226, 227, 228, 229, 230, 231, 232, 233, 234, 235, 236, 237, 238, 239, 240, 241, 242, 243, 244, 245, 246, 247, 248, 249, 250, 251, 252, 253, 254, 255, 256, 257, 258, 259, 260, 261, 262, 263, 264, 265, 266, 267, 268, 269, 270, 271, 272, 273, 274, 275, 276, 277, 278, 279, 280, 281, 282, 283, 284, 285, 286, 287, 288, 289, 290, 291, 292, 293, 294, 295, 296, 297, 298, 299, 300, 301, 302, 303, 304, 305, 306, 307, 308, 309, 310, 311, 312, 313, 314, 315, 316, 317, 318, 319, 320, 321, 322, 323, 324, 325, 326, 327, 328, 329, 330, 331, 332, 333, 334, 335, 336, 337, 338, 339, 340, 341, 342, 343, 344, 345, 346, 347, 348, 349, 350, 351, 352, 353, 354, 355, 357]
  Groupe négatif (reads0): 48 éléments
    Indices: [23, 24, 25, 26, 27, 28, 29, 30, 35, 36, 37, 41, 43, 54, 55, 59, 64, 68, 69, 71, 89, 92, 94, 117, 118, 119, 120, 127, 132, 133, 134, 147, 148, 150, 161, 164, 165, 168, 170, 176, 177, 182, 183, 185, 187, 188, 215, 356]
  Colonnes concernées: 13 éléments
    Indices: [2, 25, 76, 78, 88, 94, 95, 165, 194, 226, 235, 240, 242]
  Ratio: 310:48 (positif:négatif)

----------------------------------------

STEP 3:
  Groupe positif (reads1): 236 éléments
    Indices: [0, 1, 2, 3, 4, 5, 6, 7, 8, 9, 10, 11, 12, 13, 14, 16, 17, 18, 19, 20, 21, 22, 23, 24, 25, 26, 27, 28, 29, 30, 31, 32, 33, 34, 35, 36, 37, 38, 39, 40, 41, 42, 43, 44, 45, 46, 47, 48, 49, 50, 51, 53, 54, 55, 56, 57, 58, 59, 60, 61, 62, 63, 64, 65, 67, 68, 69, 70, 71, 72, 73, 74, 75, 76, 78, 79, 80, 81, 82, 83, 84, 85, 86, 87, 88, 89, 90, 91, 92, 93, 94, 95, 96, 97, 98, 99, 100, 101, 102, 103, 104, 105, 106, 107, 108, 109, 110, 112, 113, 114, 115, 116, 117, 118, 119, 120, 121, 122, 123, 124, 125, 126, 127, 128, 129, 130, 131, 132, 133, 134, 135, 136, 138, 140, 141, 143, 144, 145, 146, 147, 148, 149, 150, 151, 152, 153, 154, 155, 156, 157, 158, 159, 160, 161, 162, 163, 164, 165, 166, 167, 168, 169, 170, 171, 172, 173, 174, 176, 177, 179, 180, 181, 182, 183, 184, 185, 186, 187, 188, 189, 192, 193, 196, 199, 200, 204, 205, 206, 211, 215, 217, 219, 221, 224, 226, 227, 231, 232, 238, 242, 244, 246, 248, 249, 250, 262, 265, 269, 273, 274, 275, 281, 283, 284, 285, 286, 287, 303, 305, 309, 316, 320, 339, 341, 344, 345, 347, 348, 349, 350, 351, 352, 354, 355, 356, 357]
  Groupe négatif (reads0): 122 éléments
    Indices: [15, 52, 66, 77, 111, 137, 139, 142, 175, 178, 190, 191, 194, 195, 197, 198, 201, 202, 203, 207, 208, 209, 210, 212, 213, 214, 216, 218, 220, 222, 223, 225, 228, 229, 230, 233, 234, 235, 236, 237, 239, 240, 241, 243, 245, 247, 251, 252, 253, 254, 255, 256, 257, 258, 259, 260, 261, 263, 264, 266, 267, 268, 270, 271, 272, 276, 277, 278, 279, 280, 282, 288, 289, 290, 291, 292, 293, 294, 295, 296, 297, 298, 299, 300, 301, 302, 304, 306, 307, 308, 310, 311, 312, 313, 314, 315, 317, 318, 319, 321, 322, 323, 324, 325, 326, 327, 328, 329, 330, 331, 332, 333, 334, 335, 336, 337, 338, 340, 342, 343, 346, 353]
  Colonnes concernées: 13 éléments
    Indices: [3, 16, 42, 84, 91, 133, 195, 215, 222, 227, 231, 237, 243]
  Ratio: 236:122 (positif:négatif)

----------------------------------------

STEP 4:
  Groupe positif (reads1): 190 éléments
    Indices: [0, 1, 2, 3, 4, 5, 6, 7, 8, 9, 10, 11, 12, 13, 14, 16, 17, 18, 19, 20, 21, 22, 23, 24, 25, 26, 27, 28, 29, 30, 31, 32, 33, 34, 35, 36, 37, 38, 39, 40, 41, 42, 43, 44, 45, 46, 47, 48, 49, 50, 51, 53, 54, 55, 56, 57, 58, 59, 60, 61, 62, 63, 64, 65, 67, 68, 69, 70, 71, 72, 73, 74, 75, 76, 78, 79, 80, 81, 82, 83, 84, 85, 86, 87, 88, 89, 90, 91, 92, 93, 94, 95, 96, 97, 98, 99, 100, 101, 102, 103, 104, 105, 106, 107, 108, 109, 110, 112, 113, 114, 115, 116, 117, 118, 119, 120, 121, 122, 123, 124, 125, 126, 127, 128, 129, 130, 131, 132, 133, 134, 135, 136, 138, 140, 141, 143, 144, 145, 146, 147, 148, 149, 150, 151, 152, 153, 154, 155, 156, 157, 158, 159, 161, 162, 163, 164, 165, 166, 167, 168, 169, 170, 171, 172, 173, 174, 176, 177, 179, 180, 181, 182, 183, 184, 185, 186, 187, 188, 189, 193, 196, 215, 344, 345, 347, 349, 351, 354, 355, 356]
  Groupe négatif (reads0): 168 éléments
    Indices: [15, 52, 66, 77, 111, 137, 139, 142, 160, 175, 178, 190, 191, 192, 194, 195, 197, 198, 199, 200, 201, 202, 203, 204, 205, 206, 207, 208, 209, 210, 211, 212, 213, 214, 216, 217, 218, 219, 220, 221, 222, 223, 224, 225, 226, 227, 228, 229, 230, 231, 232, 233, 234, 235, 236, 237, 238, 239, 240, 241, 242, 243, 244, 245, 246, 247, 248, 249, 250, 251, 252, 253, 254, 255, 256, 257, 258, 259, 260, 261, 262, 263, 264, 265, 266, 267, 268, 269, 270, 271, 272, 273, 274, 275, 276, 277, 278, 279, 280, 281, 282, 283, 284, 285, 286, 287, 288, 289, 290, 291, 292, 293, 294, 295, 296, 297, 298, 299, 300, 301, 302, 303, 304, 305, 306, 307, 308, 309, 310, 311, 312, 313, 314, 315, 316, 317, 318, 319, 320, 321, 322, 323, 324, 325, 326, 327, 328, 329, 330, 331, 332, 333, 334, 335, 336, 337, 338, 339, 340, 341, 342, 343, 346, 348, 350, 352, 353, 357]
  Colonnes concernées: 11 éléments
    Indices: [31, 33, 43, 137, 138, 163, 168, 176, 192, 209, 253]
  Ratio: 190:168 (positif:négatif)

----------------------------------------

STEP 5:
  Groupe positif (reads1): 238 éléments
    Indices: [0, 1, 2, 3, 4, 5, 6, 7, 8, 9, 10, 11, 12, 13, 14, 16, 17, 18, 19, 20, 21, 22, 23, 24, 25, 26, 27, 28, 29, 30, 31, 32, 33, 34, 35, 36, 37, 38, 39, 40, 41, 42, 43, 44, 45, 46, 47, 48, 49, 50, 51, 53, 54, 55, 56, 57, 58, 59, 60, 61, 62, 63, 64, 65, 67, 68, 69, 70, 71, 72, 73, 74, 75, 76, 78, 79, 80, 81, 82, 83, 84, 85, 86, 87, 88, 89, 90, 91, 92, 93, 94, 95, 96, 97, 98, 99, 100, 101, 102, 103, 104, 105, 106, 107, 108, 109, 110, 112, 113, 114, 115, 116, 117, 118, 119, 120, 121, 122, 123, 124, 125, 126, 127, 128, 129, 130, 131, 132, 133, 134, 135, 136, 138, 140, 141, 143, 144, 145, 146, 147, 148, 149, 150, 151, 152, 153, 154, 155, 156, 157, 158, 159, 160, 161, 162, 163, 164, 165, 166, 167, 168, 169, 170, 171, 172, 173, 174, 176, 177, 179, 180, 181, 182, 183, 184, 185, 186, 187, 188, 189, 192, 193, 196, 199, 200, 204, 205, 206, 211, 215, 217, 219, 221, 224, 226, 227, 231, 232, 238, 242, 244, 246, 248, 249, 250, 262, 265, 269, 271, 273, 274, 275, 281, 283, 284, 285, 286, 287, 301, 303, 305, 309, 316, 320, 331, 339, 341, 344, 345, 347, 348, 349, 350, 351, 352, 354, 356, 357]
  Groupe négatif (reads0): 120 éléments
    Indices: [15, 52, 66, 77, 111, 137, 139, 142, 175, 178, 190, 191, 194, 195, 197, 198, 201, 202, 203, 207, 208, 209, 210, 212, 213, 214, 216, 218, 220, 222, 223, 225, 228, 229, 230, 233, 234, 235, 236, 237, 239, 240, 241, 243, 245, 247, 251, 252, 253, 254, 255, 256, 257, 258, 259, 260, 261, 263, 264, 266, 267, 268, 270, 272, 276, 277, 278, 279, 280, 282, 288, 289, 290, 291, 292, 293, 294, 295, 296, 297, 298, 299, 300, 302, 304, 306, 307, 308, 310, 311, 312, 313, 314, 315, 317, 318, 319, 321, 322, 323, 324, 325, 326, 327, 328, 329, 330, 332, 333, 334, 335, 336, 337, 338, 340, 342, 343, 346, 353, 355]
  Colonnes concernées: 3 éléments
    Indices: [35, 58, 238]
  Ratio: 238:120 (positif:négatif)

----------------------------------------

STEP 6:
  Groupe positif (reads1): 312 éléments
    Indices: [0, 1, 2, 3, 4, 5, 6, 7, 8, 9, 10, 11, 12, 13, 14, 15, 16, 17, 18, 19, 20, 21, 22, 23, 24, 25, 26, 27, 28, 29, 30, 31, 32, 33, 34, 35, 36, 37, 38, 39, 40, 41, 42, 43, 44, 45, 46, 47, 48, 49, 50, 51, 52, 53, 54, 55, 56, 57, 58, 59, 60, 61, 62, 63, 64, 65, 66, 67, 68, 69, 70, 71, 72, 73, 74, 75, 76, 77, 78, 79, 80, 81, 82, 83, 84, 85, 86, 87, 88, 89, 90, 91, 92, 93, 94, 95, 96, 97, 98, 99, 100, 101, 102, 103, 104, 105, 106, 107, 108, 109, 110, 111, 112, 113, 114, 115, 116, 117, 118, 119, 120, 121, 122, 123, 124, 125, 126, 127, 128, 129, 130, 131, 132, 133, 134, 135, 136, 137, 138, 139, 140, 141, 142, 143, 144, 145, 146, 147, 148, 149, 150, 151, 152, 153, 154, 155, 156, 157, 158, 159, 161, 162, 163, 164, 165, 166, 167, 168, 169, 170, 171, 172, 173, 174, 175, 176, 177, 178, 179, 180, 181, 182, 183, 184, 185, 186, 187, 188, 189, 190, 191, 193, 194, 195, 196, 197, 198, 201, 202, 203, 207, 208, 209, 210, 212, 213, 214, 215, 216, 218, 220, 222, 223, 225, 228, 229, 230, 233, 234, 235, 236, 237, 239, 240, 241, 243, 245, 247, 251, 252, 253, 254, 255, 256, 257, 258, 259, 260, 261, 263, 264, 266, 267, 268, 270, 271, 272, 276, 277, 278, 279, 280, 282, 288, 289, 290, 291, 292, 293, 294, 295, 296, 297, 298, 299, 300, 301, 302, 304, 306, 307, 308, 310, 311, 312, 313, 314, 315, 317, 318, 319, 321, 322, 323, 324, 325, 326, 327, 328, 329, 330, 331, 332, 333, 334, 335, 336, 337, 338, 340, 342, 343, 344, 345, 346, 347, 349, 351, 353, 354, 355, 356]
  Groupe négatif (reads0): 46 éléments
    Indices: [160, 192, 199, 200, 204, 205, 206, 211, 217, 219, 221, 224, 226, 227, 231, 232, 238, 242, 244, 246, 248, 249, 250, 262, 265, 269, 273, 274, 275, 281, 283, 284, 285, 286, 287, 303, 305, 309, 316, 320, 339, 341, 348, 350, 352, 357]
  Colonnes concernées: 28 éléments
    Indices: [18, 19, 24, 26, 27, 28, 29, 36, 38, 39, 44, 46, 48, 55, 57, 135, 143, 149, 153, 154, 159, 160, 161, 184, 186, 225, 228, 233]
  Ratio: 312:46 (positif:négatif)

----------------------------------------

STEP 7:
  Groupe positif (reads1): 38 éléments
    Indices: [52, 77, 139, 142, 178, 194, 195, 198, 201, 202, 207, 208, 209, 212, 213, 222, 235, 239, 251, 263, 271, 278, 280, 290, 293, 297, 301, 302, 307, 314, 318, 319, 324, 328, 330, 333, 334, 343]
  Groupe négatif (reads0): 320 éléments
    Indices: [0, 1, 2, 3, 4, 5, 6, 7, 8, 9, 10, 11, 12, 13, 14, 15, 16, 17, 18, 19, 20, 21, 22, 23, 24, 25, 26, 27, 28, 29, 30, 31, 32, 33, 34, 35, 36, 37, 38, 39, 40, 41, 42, 43, 44, 45, 46, 47, 48, 49, 50, 51, 53, 54, 55, 56, 57, 58, 59, 60, 61, 62, 63, 64, 65, 66, 67, 68, 69, 70, 71, 72, 73, 74, 75, 76, 78, 79, 80, 81, 82, 83, 84, 85, 86, 87, 88, 89, 90, 91, 92, 93, 94, 95, 96, 97, 98, 99, 100, 101, 102, 103, 104, 105, 106, 107, 108, 109, 110, 111, 112, 113, 114, 115, 116, 117, 118, 119, 120, 121, 122, 123, 124, 125, 126, 127, 128, 129, 130, 131, 132, 133, 134, 135, 136, 137, 138, 140, 141, 143, 144, 145, 146, 147, 148, 149, 150, 151, 152, 153, 154, 155, 156, 157, 158, 159, 160, 161, 162, 163, 164, 165, 166, 167, 168, 169, 170, 171, 172, 173, 174, 175, 176, 177, 179, 180, 181, 182, 183, 184, 185, 186, 187, 188, 189, 190, 191, 192, 193, 196, 197, 199, 200, 203, 204, 205, 206, 210, 211, 214, 215, 216, 217, 218, 219, 220, 221, 223, 224, 225, 226, 227, 228, 229, 230, 231, 232, 233, 234, 236, 237, 238, 240, 241, 242, 243, 244, 245, 246, 247, 248, 249, 250, 252, 253, 254, 255, 256, 257, 258, 259, 260, 261, 262, 264, 265, 266, 267, 268, 269, 270, 272, 273, 274, 275, 276, 277, 279, 281, 282, 283, 284, 285, 286, 287, 288, 289, 291, 292, 294, 295, 296, 298, 299, 300, 303, 304, 305, 306, 308, 309, 310, 311, 312, 313, 315, 316, 317, 320, 321, 322, 323, 325, 326, 327, 329, 331, 332, 335, 336, 337, 338, 339, 340, 341, 342, 344, 345, 346, 347, 348, 349, 350, 351, 352, 353, 354, 355, 356, 357]
  Colonnes concernées: 5 éléments
    Indices: [56, 66, 124, 150, 200]
  Ratio: 38:320 (positif:négatif)

----------------------------------------

STEP 8:
  Groupe positif (reads1): 52 éléments
    Indices: [1, 3, 8, 10, 17, 19, 21, 22, 38, 44, 58, 60, 67, 73, 80, 81, 82, 83, 84, 86, 87, 90, 93, 95, 97, 101, 104, 105, 106, 107, 108, 110, 115, 116, 123, 130, 140, 152, 153, 154, 155, 156, 157, 163, 166, 167, 171, 172, 181, 193, 196, 349]
  Groupe négatif (reads0): 306 éléments
    Indices: [0, 2, 4, 5, 6, 7, 9, 11, 12, 13, 14, 15, 16, 18, 20, 23, 24, 25, 26, 27, 28, 29, 30, 31, 32, 33, 34, 35, 36, 37, 39, 40, 41, 42, 43, 45, 46, 47, 48, 49, 50, 51, 52, 53, 54, 55, 56, 57, 59, 61, 62, 63, 64, 65, 66, 68, 69, 70, 71, 72, 74, 75, 76, 77, 78, 79, 85, 88, 89, 91, 92, 94, 96, 98, 99, 100, 102, 103, 109, 111, 112, 113, 114, 117, 118, 119, 120, 121, 122, 124, 125, 126, 127, 128, 129, 131, 132, 133, 134, 135, 136, 137, 138, 139, 141, 142, 143, 144, 145, 146, 147, 148, 149, 150, 151, 158, 159, 160, 161, 162, 164, 165, 168, 169, 170, 173, 174, 175, 176, 177, 178, 179, 180, 182, 183, 184, 185, 186, 187, 188, 189, 190, 191, 192, 194, 195, 197, 198, 199, 200, 201, 202, 203, 204, 205, 206, 207, 208, 209, 210, 211, 212, 213, 214, 215, 216, 217, 218, 219, 220, 221, 222, 223, 224, 225, 226, 227, 228, 229, 230, 231, 232, 233, 234, 235, 236, 237, 238, 239, 240, 241, 242, 243, 244, 245, 246, 247, 248, 249, 250, 251, 252, 253, 254, 255, 256, 257, 258, 259, 260, 261, 262, 263, 264, 265, 266, 267, 268, 269, 270, 271, 272, 273, 274, 275, 276, 277, 278, 279, 280, 281, 282, 283, 284, 285, 286, 287, 288, 289, 290, 291, 292, 293, 294, 295, 296, 297, 298, 299, 300, 301, 302, 303, 304, 305, 306, 307, 308, 309, 310, 311, 312, 313, 314, 315, 316, 317, 318, 319, 320, 321, 322, 323, 324, 325, 326, 327, 328, 329, 330, 331, 332, 333, 334, 335, 336, 337, 338, 339, 340, 341, 342, 343, 344, 345, 346, 347, 348, 350, 351, 352, 353, 354, 355, 356, 357]
  Colonnes concernées: 13 éléments
    Indices: [10, 116, 123, 134, 141, 142, 145, 146, 148, 207, 213, 216, 250]
  Ratio: 52:306 (positif:négatif)

----------------------------------------

STEP 9:
  Groupe positif (reads1): 216 éléments
    Indices: [15, 23, 24, 25, 26, 27, 28, 29, 30, 35, 36, 37, 41, 43, 52, 54, 55, 59, 64, 66, 68, 69, 71, 77, 89, 92, 94, 111, 117, 118, 119, 120, 127, 132, 133, 134, 137, 139, 142, 147, 148, 150, 160, 161, 164, 165, 168, 170, 175, 176, 177, 178, 182, 183, 185, 187, 188, 190, 191, 192, 194, 195, 197, 198, 199, 200, 201, 202, 203, 204, 205, 206, 207, 208, 209, 210, 211, 212, 213, 214, 215, 216, 217, 218, 219, 220, 221, 222, 223, 224, 225, 226, 227, 228, 229, 230, 231, 232, 233, 234, 235, 236, 237, 238, 239, 240, 241, 242, 243, 244, 245, 246, 247, 248, 249, 250, 251, 252, 253, 254, 255, 256, 257, 258, 259, 260, 261, 262, 263, 264, 265, 266, 267, 268, 269, 270, 271, 272, 273, 274, 275, 276, 277, 278, 279, 280, 281, 282, 283, 284, 285, 286, 287, 288, 289, 290, 291, 292, 293, 294, 295, 296, 297, 298, 299, 300, 301, 302, 303, 304, 305, 306, 307, 308, 309, 310, 311, 312, 313, 314, 315, 316, 317, 318, 319, 320, 321, 322, 323, 324, 325, 326, 327, 328, 329, 330, 331, 332, 333, 334, 335, 336, 337, 338, 339, 340, 341, 342, 343, 346, 348, 350, 352, 353, 356, 357]
  Groupe négatif (reads0): 142 éléments
    Indices: [0, 1, 2, 3, 4, 5, 6, 7, 8, 9, 10, 11, 12, 13, 14, 16, 17, 18, 19, 20, 21, 22, 31, 32, 33, 34, 38, 39, 40, 42, 44, 45, 46, 47, 48, 49, 50, 51, 53, 56, 57, 58, 60, 61, 62, 63, 65, 67, 70, 72, 73, 74, 75, 76, 78, 79, 80, 81, 82, 83, 84, 85, 86, 87, 88, 90, 91, 93, 95, 96, 97, 98, 99, 100, 101, 102, 103, 104, 105, 106, 107, 108, 109, 110, 112, 113, 114, 115, 116, 121, 122, 123, 124, 125, 126, 128, 129, 130, 131, 135, 136, 138, 140, 141, 143, 144, 145, 146, 149, 151, 152, 153, 154, 155, 156, 157, 158, 159, 162, 163, 166, 167, 169, 171, 172, 173, 174, 179, 180, 181, 184, 186, 189, 193, 196, 344, 345, 347, 349, 351, 354, 355]
  Colonnes concernées: 4 éléments
    Indices: [13, 14, 15, 247]
  Ratio: 216:142 (positif:négatif)

----------------------------------------

STEP 10:
  Groupe positif (reads1): 185 éléments
    Indices: [0, 1, 2, 3, 4, 5, 6, 7, 8, 9, 10, 11, 12, 13, 14, 16, 17, 18, 19, 20, 22, 23, 24, 25, 26, 27, 28, 29, 30, 32, 33, 34, 35, 36, 38, 39, 40, 41, 42, 43, 44, 45, 46, 47, 48, 49, 50, 51, 53, 54, 55, 56, 57, 58, 59, 60, 61, 62, 63, 64, 65, 67, 68, 69, 70, 71, 72, 73, 74, 75, 76, 78, 79, 80, 81, 82, 83, 84, 85, 86, 87, 88, 89, 90, 91, 92, 93, 94, 95, 96, 97, 98, 99, 100, 101, 102, 103, 104, 105, 106, 107, 108, 109, 110, 112, 113, 114, 115, 116, 117, 119, 120, 121, 122, 123, 124, 125, 126, 127, 128, 129, 130, 131, 132, 133, 134, 135, 136, 138, 140, 141, 143, 144, 145, 146, 147, 148, 149, 150, 151, 152, 153, 154, 155, 156, 157, 158, 159, 161, 162, 163, 164, 165, 166, 167, 168, 169, 170, 171, 172, 173, 174, 176, 177, 179, 180, 181, 182, 183, 184, 185, 186, 187, 188, 189, 193, 196, 344, 345, 347, 349, 351, 354, 355, 356]
  Groupe négatif (reads0): 173 éléments
    Indices: [15, 21, 31, 37, 52, 66, 77, 111, 118, 137, 139, 142, 160, 175, 178, 190, 191, 192, 194, 195, 197, 198, 199, 200, 201, 202, 203, 204, 205, 206, 207, 208, 209, 210, 211, 212, 213, 214, 215, 216, 217, 218, 219, 220, 221, 222, 223, 224, 225, 226, 227, 228, 229, 230, 231, 232, 233, 234, 235, 236, 237, 238, 239, 240, 241, 242, 243, 244, 245, 246, 247, 248, 249, 250, 251, 252, 253, 254, 255, 256, 257, 258, 259, 260, 261, 262, 263, 264, 265, 266, 267, 268, 269, 270, 271, 272, 273, 274, 275, 276, 277, 278, 279, 280, 281, 282, 283, 284, 285, 286, 287, 288, 289, 290, 291, 292, 293, 294, 295, 296, 297, 298, 299, 300, 301, 302, 303, 304, 305, 306, 307, 308, 309, 310, 311, 312, 313, 314, 315, 316, 317, 318, 319, 320, 321, 322, 323, 324, 325, 326, 327, 328, 329, 330, 331, 332, 333, 334, 335, 336, 337, 338, 339, 340, 341, 342, 343, 346, 348, 350, 352, 353, 357]
  Colonnes concernées: 3 éléments
    Indices: [32, 72, 164]
  Ratio: 185:173 (positif:négatif)

----------------------------------------

STEP 11:
  Groupe positif (reads1): 42 éléments
    Indices: [15, 111, 137, 210, 223, 225, 228, 229, 233, 237, 241, 243, 245, 254, 255, 256, 257, 261, 264, 266, 267, 268, 276, 289, 291, 295, 296, 299, 300, 306, 308, 311, 312, 313, 315, 322, 329, 331, 335, 338, 342, 346]
  Groupe négatif (reads0): 316 éléments
    Indices: [0, 1, 2, 3, 4, 5, 6, 7, 8, 9, 10, 11, 12, 13, 14, 16, 17, 18, 19, 20, 21, 22, 23, 24, 25, 26, 27, 28, 29, 30, 31, 32, 33, 34, 35, 36, 37, 38, 39, 40, 41, 42, 43, 44, 45, 46, 47, 48, 49, 50, 51, 52, 53, 54, 55, 56, 57, 58, 59, 60, 61, 62, 63, 64, 65, 66, 67, 68, 69, 70, 71, 72, 73, 74, 75, 76, 77, 78, 79, 80, 81, 82, 83, 84, 85, 86, 87, 88, 89, 90, 91, 92, 93, 94, 95, 96, 97, 98, 99, 100, 101, 102, 103, 104, 105, 106, 107, 108, 109, 110, 112, 113, 114, 115, 116, 117, 118, 119, 120, 121, 122, 123, 124, 125, 126, 127, 128, 129, 130, 131, 132, 133, 134, 135, 136, 138, 139, 140, 141, 142, 143, 144, 145, 146, 147, 148, 149, 150, 151, 152, 153, 154, 155, 156, 157, 158, 159, 160, 161, 162, 163, 164, 165, 166, 167, 168, 169, 170, 171, 172, 173, 174, 175, 176, 177, 178, 179, 180, 181, 182, 183, 184, 185, 186, 187, 188, 189, 190, 191, 192, 193, 194, 195, 196, 197, 198, 199, 200, 201, 202, 203, 204, 205, 206, 207, 208, 209, 211, 212, 213, 214, 215, 216, 217, 218, 219, 220, 221, 222, 224, 226, 227, 230, 231, 232, 234, 235, 236, 238, 239, 240, 242, 244, 246, 247, 248, 249, 250, 251, 252, 253, 258, 259, 260, 262, 263, 265, 269, 270, 271, 272, 273, 274, 275, 277, 278, 279, 280, 281, 282, 283, 284, 285, 286, 287, 288, 290, 292, 293, 294, 297, 298, 301, 302, 303, 304, 305, 307, 309, 310, 314, 316, 317, 318, 319, 320, 321, 323, 324, 325, 326, 327, 328, 330, 332, 333, 334, 336, 337, 339, 340, 341, 343, 344, 345, 347, 348, 349, 350, 351, 352, 353, 354, 355, 356, 357]
  Colonnes concernées: 16 éléments
    Indices: [47, 60, 69, 99, 109, 110, 111, 130, 136, 169, 172, 174, 175, 179, 210, 245]
  Ratio: 42:316 (positif:négatif)

----------------------------------------

STEP 12:
  Groupe positif (reads1): 278 éléments
    Indices: [0, 1, 2, 3, 4, 5, 6, 7, 8, 9, 10, 11, 12, 13, 14, 16, 17, 18, 19, 20, 21, 22, 23, 24, 25, 26, 27, 28, 29, 30, 31, 32, 33, 34, 35, 36, 37, 38, 39, 40, 41, 42, 43, 44, 45, 46, 47, 48, 49, 50, 51, 53, 54, 55, 56, 57, 58, 59, 60, 61, 62, 63, 64, 65, 66, 67, 68, 69, 70, 71, 72, 73, 74, 75, 76, 78, 79, 80, 81, 82, 83, 84, 85, 86, 87, 88, 89, 90, 91, 92, 93, 94, 95, 96, 97, 98, 99, 100, 101, 102, 103, 104, 105, 106, 107, 108, 109, 110, 112, 113, 114, 115, 116, 117, 118, 119, 120, 121, 122, 123, 124, 125, 126, 127, 128, 129, 130, 131, 132, 133, 134, 135, 136, 138, 140, 141, 143, 144, 145, 146, 147, 148, 149, 150, 151, 152, 153, 154, 155, 156, 157, 158, 159, 160, 161, 162, 163, 164, 165, 166, 167, 168, 169, 170, 171, 172, 173, 174, 175, 176, 177, 179, 180, 181, 182, 183, 184, 185, 186, 187, 188, 189, 190, 191, 192, 193, 196, 197, 199, 200, 203, 204, 205, 206, 211, 214, 215, 216, 217, 218, 219, 220, 221, 224, 226, 227, 230, 231, 232, 234, 236, 238, 240, 242, 244, 246, 247, 248, 249, 250, 252, 253, 258, 259, 260, 262, 265, 269, 270, 272, 273, 274, 275, 277, 279, 281, 282, 283, 284, 285, 286, 287, 288, 292, 294, 298, 303, 304, 305, 309, 310, 316, 317, 320, 321, 323, 325, 326, 327, 332, 336, 337, 339, 340, 341, 344, 345, 347, 348, 349, 350, 351, 352, 353, 354, 355, 356, 357]
  Groupe négatif (reads0): 80 éléments
    Indices: [15, 52, 77, 111, 137, 139, 142, 178, 194, 195, 198, 201, 202, 207, 208, 209, 210, 212, 213, 222, 223, 225, 228, 229, 233, 235, 237, 239, 241, 243, 245, 251, 254, 255, 256, 257, 261, 263, 264, 266, 267, 268, 271, 276, 278, 280, 289, 290, 291, 293, 295, 296, 297, 299, 300, 301, 302, 306, 307, 308, 311, 312, 313, 314, 315, 318, 319, 322, 324, 328, 329, 330, 331, 333, 334, 335, 338, 342, 343, 346]
  Colonnes concernées: 4 éléments
    Indices: [117, 118, 121, 204]
  Ratio: 278:80 (positif:négatif)

----------------------------------------

STEP 13:
  Groupe positif (reads1): 42 éléments
    Indices: [0, 2, 4, 6, 7, 12, 13, 14, 33, 34, 39, 46, 47, 48, 57, 62, 63, 70, 74, 75, 79, 96, 99, 102, 109, 114, 122, 124, 125, 128, 131, 135, 136, 144, 149, 151, 159, 186, 345, 347, 351, 354]
  Groupe négatif (reads0): 316 éléments
    Indices: [1, 3, 5, 8, 9, 10, 11, 15, 16, 17, 18, 19, 20, 21, 22, 23, 24, 25, 26, 27, 28, 29, 30, 31, 32, 35, 36, 37, 38, 40, 41, 42, 43, 44, 45, 49, 50, 51, 52, 53, 54, 55, 56, 58, 59, 60, 61, 64, 65, 66, 67, 68, 69, 71, 72, 73, 76, 77, 78, 80, 81, 82, 83, 84, 85, 86, 87, 88, 89, 90, 91, 92, 93, 94, 95, 97, 98, 100, 101, 103, 104, 105, 106, 107, 108, 110, 111, 112, 113, 115, 116, 117, 118, 119, 120, 121, 123, 126, 127, 129, 130, 132, 133, 134, 137, 138, 139, 140, 141, 142, 143, 145, 146, 147, 148, 150, 152, 153, 154, 155, 156, 157, 158, 160, 161, 162, 163, 164, 165, 166, 167, 168, 169, 170, 171, 172, 173, 174, 175, 176, 177, 178, 179, 180, 181, 182, 183, 184, 185, 187, 188, 189, 190, 191, 192, 193, 194, 195, 196, 197, 198, 199, 200, 201, 202, 203, 204, 205, 206, 207, 208, 209, 210, 211, 212, 213, 214, 215, 216, 217, 218, 219, 220, 221, 222, 223, 224, 225, 226, 227, 228, 229, 230, 231, 232, 233, 234, 235, 236, 237, 238, 239, 240, 241, 242, 243, 244, 245, 246, 247, 248, 249, 250, 251, 252, 253, 254, 255, 256, 257, 258, 259, 260, 261, 262, 263, 264, 265, 266, 267, 268, 269, 270, 271, 272, 273, 274, 275, 276, 277, 278, 279, 280, 281, 282, 283, 284, 285, 286, 287, 288, 289, 290, 291, 292, 293, 294, 295, 296, 297, 298, 299, 300, 301, 302, 303, 304, 305, 306, 307, 308, 309, 310, 311, 312, 313, 314, 315, 316, 317, 318, 319, 320, 321, 322, 323, 324, 325, 326, 327, 328, 329, 330, 331, 332, 333, 334, 335, 336, 337, 338, 339, 340, 341, 342, 343, 344, 346, 348, 349, 350, 352, 353, 355, 356, 357]
  Colonnes concernées: 8 éléments
    Indices: [73, 79, 85, 96, 97, 105, 112, 114]
  Ratio: 42:316 (positif:négatif)

----------------------------------------

STEP 14:
  Groupe positif (reads1): 316 éléments
    Indices: [0, 1, 2, 3, 4, 5, 6, 7, 8, 9, 10, 11, 12, 13, 14, 15, 16, 17, 18, 19, 20, 21, 22, 23, 24, 25, 26, 27, 28, 29, 30, 31, 32, 33, 34, 35, 36, 37, 38, 39, 40, 41, 42, 43, 44, 45, 46, 47, 48, 49, 50, 51, 52, 53, 54, 55, 56, 57, 58, 59, 60, 61, 62, 63, 64, 65, 67, 68, 69, 70, 71, 72, 73, 74, 75, 76, 77, 78, 79, 80, 81, 82, 83, 84, 85, 86, 87, 88, 89, 90, 91, 92, 93, 94, 95, 96, 97, 98, 99, 100, 101, 102, 103, 104, 105, 106, 107, 108, 109, 110, 111, 112, 113, 114, 115, 116, 117, 118, 119, 120, 121, 122, 123, 124, 125, 126, 127, 128, 129, 130, 131, 132, 133, 134, 135, 136, 137, 138, 139, 140, 141, 142, 143, 144, 145, 146, 147, 148, 149, 150, 151, 152, 153, 154, 155, 156, 157, 158, 159, 160, 161, 162, 163, 164, 165, 166, 167, 168, 169, 170, 171, 172, 173, 174, 176, 177, 178, 179, 180, 181, 182, 183, 184, 185, 186, 187, 188, 189, 192, 193, 194, 195, 196, 198, 199, 200, 201, 202, 204, 205, 206, 207, 208, 209, 210, 211, 212, 213, 215, 217, 219, 221, 222, 223, 224, 225, 226, 227, 228, 229, 231, 232, 233, 235, 237, 238, 239, 241, 242, 243, 244, 245, 246, 248, 249, 250, 251, 254, 255, 256, 257, 261, 262, 263, 264, 265, 266, 267, 268, 269, 271, 273, 274, 275, 276, 278, 280, 281, 283, 284, 285, 286, 287, 289, 290, 291, 293, 295, 296, 297, 299, 300, 301, 302, 303, 305, 306, 307, 308, 309, 311, 312, 313, 314, 315, 316, 318, 319, 320, 322, 324, 328, 329, 330, 331, 333, 334, 335, 338, 339, 341, 342, 343, 344, 345, 346, 347, 348, 349, 350, 351, 352, 354, 355, 356, 357]
  Groupe négatif (reads0): 40 éléments
    Indices: [66, 175, 190, 191, 197, 203, 214, 216, 218, 220, 234, 236, 240, 247, 252, 253, 258, 259, 260, 270, 272, 277, 279, 282, 288, 292, 294, 298, 304, 310, 317, 321, 323, 325, 326, 327, 332, 336, 340, 353]
  Colonnes concernées: 4 éléments
    Indices: [100, 104, 152, 170]
  Ratio: 316:40 (positif:négatif)

----------------------------------------

STEP 15:
  Groupe positif (reads1): 277 éléments
    Indices: [0, 1, 2, 3, 4, 5, 6, 7, 8, 9, 10, 11, 12, 13, 14, 16, 17, 18, 19, 20, 21, 22, 23, 24, 25, 26, 27, 28, 29, 30, 31, 32, 33, 34, 35, 36, 37, 38, 39, 40, 41, 42, 43, 44, 45, 46, 47, 48, 49, 50, 51, 52, 53, 54, 55, 56, 57, 58, 59, 60, 61, 62, 63, 64, 65, 67, 68, 69, 70, 71, 72, 73, 74, 75, 76, 77, 78, 79, 80, 81, 82, 83, 84, 85, 86, 87, 88, 89, 90, 91, 92, 93, 94, 95, 96, 97, 98, 99, 100, 101, 102, 103, 104, 105, 106, 107, 108, 109, 110, 112, 113, 114, 115, 116, 117, 118, 119, 120, 121, 122, 123, 124, 125, 126, 127, 128, 129, 130, 131, 132, 133, 134, 135, 136, 138, 139, 140, 141, 142, 143, 144, 145, 146, 147, 148, 149, 150, 151, 152, 153, 154, 155, 156, 157, 158, 159, 160, 161, 162, 163, 164, 165, 166, 167, 168, 169, 170, 171, 172, 173, 174, 176, 177, 178, 179, 180, 181, 182, 183, 184, 185, 186, 187, 188, 189, 192, 193, 194, 195, 196, 198, 199, 200, 201, 202, 204, 205, 206, 207, 208, 209, 211, 212, 213, 215, 217, 219, 221, 222, 224, 226, 227, 231, 232, 235, 238, 239, 241, 242, 244, 246, 248, 249, 250, 251, 262, 263, 264, 265, 269, 271, 273, 274, 275, 278, 280, 281, 283, 284, 285, 286, 287, 289, 290, 293, 297, 301, 302, 303, 305, 307, 309, 314, 316, 318, 319, 320, 324, 328, 330, 333, 334, 339, 341, 343, 344, 345, 347, 348, 349, 350, 351, 352, 354, 355, 356, 357]
  Groupe négatif (reads0): 81 éléments
    Indices: [15, 66, 111, 137, 175, 190, 191, 197, 203, 210, 214, 216, 218, 220, 223, 225, 228, 229, 230, 233, 234, 236, 237, 240, 243, 245, 247, 252, 253, 254, 255, 256, 257, 258, 259, 260, 261, 266, 267, 268, 270, 272, 276, 277, 279, 282, 288, 291, 292, 294, 295, 296, 298, 299, 300, 304, 306, 308, 310, 311, 312, 313, 315, 317, 321, 322, 323, 325, 326, 327, 329, 331, 332, 335, 336, 337, 338, 340, 342, 346, 353]
  Colonnes concernées: 3 éléments
    Indices: [0, 17, 206]
  Ratio: 277:81 (positif:négatif)

----------------------------------------

STEP 16:
  Groupe positif (reads1): 311 éléments
    Indices: [0, 1, 2, 3, 4, 6, 7, 8, 10, 12, 13, 14, 15, 17, 19, 21, 22, 23, 24, 25, 26, 27, 28, 29, 30, 33, 34, 35, 36, 37, 38, 39, 41, 43, 44, 46, 47, 48, 52, 54, 55, 57, 58, 59, 60, 62, 63, 64, 66, 67, 68, 69, 70, 71, 73, 74, 75, 77, 79, 80, 81, 82, 83, 84, 86, 87, 89, 90, 92, 93, 94, 95, 96, 97, 99, 101, 102, 104, 105, 106, 107, 108, 109, 110, 111, 114, 115, 116, 117, 118, 119, 120, 122, 123, 124, 125, 127, 128, 130, 131, 132, 133, 134, 135, 136, 137, 138, 139, 140, 142, 144, 147, 148, 149, 150, 151, 152, 153, 154, 155, 156, 157, 159, 160, 161, 163, 164, 165, 166, 167, 168, 170, 171, 172, 175, 176, 177, 178, 181, 182, 183, 185, 186, 187, 188, 190, 191, 192, 193, 194, 195, 196, 197, 198, 199, 200, 201, 202, 203, 204, 205, 206, 207, 208, 209, 210, 211, 212, 213, 214, 215, 216, 217, 218, 219, 220, 221, 222, 223, 224, 225, 226, 227, 228, 229, 230, 231, 232, 233, 234, 235, 236, 237, 238, 239, 240, 241, 242, 243, 244, 245, 246, 247, 248, 249, 250, 251, 252, 253, 254, 255, 256, 257, 258, 259, 260, 261, 262, 263, 264, 265, 266, 267, 268, 269, 270, 271, 272, 273, 274, 275, 276, 277, 278, 279, 280, 281, 282, 283, 284, 285, 286, 287, 288, 289, 290, 291, 292, 293, 294, 295, 296, 297, 298, 299, 300, 301, 302, 303, 304, 305, 306, 307, 308, 309, 310, 311, 312, 313, 314, 315, 316, 317, 318, 319, 320, 321, 322, 323, 324, 325, 326, 327, 328, 329, 330, 331, 332, 333, 334, 335, 336, 337, 338, 339, 340, 341, 342, 343, 345, 346, 347, 348, 349, 350, 351, 352, 353, 354, 356, 357]
  Groupe négatif (reads0): 46 éléments
    Indices: [5, 9, 11, 16, 18, 20, 31, 32, 40, 42, 45, 49, 50, 51, 53, 56, 61, 65, 72, 76, 78, 85, 88, 91, 98, 100, 103, 112, 113, 121, 126, 129, 141, 143, 145, 146, 158, 162, 173, 174, 179, 180, 184, 189, 344, 355]
  Colonnes concernées: 4 éléments
    Indices: [23, 62, 162, 180]
  Ratio: 311:46 (positif:négatif)

----------------------------------------

