=== CLUSTERING STEPS POUR matrix_ctg0_10000_15000.csv ===
Nombre d'haplotypes: 3
Timestamp: 2025-06-06T15:34:45.218219
Nombre total de steps: 1

============================================================

STEP 1:
  Groupe positif (reads1): 62 éléments
    Indices: [0, 2, 3, 4, 5, 7, 8, 9, 10, 11, 12, 14, 15, 17, 19, 20, 22, 23, 24, 25, 26, 27, 29, 31, 32, 33, 35, 37, 38, 39, 40, 41, 42, 44, 46, 47, 48, 49, 50, 51, 52, 55, 56, 57, 58, 59, 62, 63, 65, 66, 67, 69, 70, 71, 72, 73, 74, 75, 77, 78, 79, 80]
  Groupe négatif (reads0): 20 éléments
    Indices: [1, 6, 13, 16, 18, 21, 28, 30, 34, 36, 43, 45, 53, 54, 60, 61, 64, 68, 76, 81]
  Colonnes concernées: 22 éléments
    Indices: [0, 1, 2, 3, 4, 5, 6, 7, 8, 9, 10, 11, 12, 13, 14, 15, 16, 17, 18, 20, 21, 23]
  Ratio: 62:20 (positif:négatif)

----------------------------------------

