=== CLUSTERING STEPS POUR matrix_ctg0_30000_35000.csv ===
Nombre d'haplotypes: 3
Timestamp: 2025-06-06T15:34:45.315352
Nombre total de steps: 1

============================================================

STEP 1:
  Groupe positif (reads1): 11 éléments
    Indices: [15, 25, 28, 30, 32, 35, 42, 43, 45, 46, 59]
  Groupe négatif (reads0): 55 éléments
    Indices: [0, 1, 2, 3, 4, 5, 6, 7, 8, 9, 10, 11, 12, 13, 14, 16, 17, 18, 19, 20, 21, 22, 23, 24, 26, 27, 29, 31, 33, 34, 36, 37, 38, 39, 40, 41, 44, 47, 48, 49, 50, 51, 52, 53, 54, 55, 56, 57, 58, 60, 61, 62, 63, 64, 65]
  Colonnes concernées: 28 éléments
    Indices: [0, 1, 2, 3, 4, 5, 6, 7, 8, 9, 10, 11, 12, 13, 14, 15, 16, 17, 18, 19, 20, 21, 22, 23, 24, 25, 26, 27]
  Ratio: 11:55 (positif:négatif)

----------------------------------------

