=== CLUSTERING STEPS POUR matrix_ctg0_80000_85000.csv ===
Nombre d'haplotypes: 3
Timestamp: 2025-06-06T15:34:46.095437
Nombre total de steps: 2

============================================================

STEP 1:
  Groupe positif (reads1): 40 éléments
    Indices: [0, 1, 3, 5, 7, 9, 10, 13, 15, 16, 21, 22, 23, 25, 26, 27, 29, 31, 32, 33, 37, 38, 40, 41, 42, 43, 44, 45, 46, 47, 48, 49, 51, 53, 54, 55, 56, 57, 59, 60]
  Groupe négatif (reads0): 21 éléments
    Indices: [2, 4, 6, 8, 11, 12, 14, 17, 18, 19, 20, 24, 28, 30, 34, 35, 36, 39, 50, 52, 58]
  Colonnes concernées: 28 éléments
    Indices: [0, 1, 2, 3, 4, 5, 6, 7, 8, 9, 10, 11, 12, 13, 14, 15, 17, 18, 19, 20, 21, 22, 23, 24, 26, 29, 30, 31]
  Ratio: 40:21 (positif:négatif)

----------------------------------------

STEP 2:
  Groupe positif (reads1): 38 éléments
    Indices: [1, 2, 4, 5, 6, 8, 11, 12, 14, 16, 17, 18, 19, 20, 21, 23, 24, 26, 27, 28, 29, 30, 32, 34, 35, 36, 37, 39, 40, 44, 45, 47, 48, 50, 52, 54, 57, 58]
  Groupe négatif (reads0): 23 éléments
    Indices: [0, 3, 7, 9, 10, 13, 15, 22, 25, 31, 33, 38, 41, 42, 43, 46, 49, 51, 53, 55, 56, 59, 60]
  Colonnes concernées: 4 éléments
    Indices: [25, 27, 28, 32]
  Ratio: 38:23 (positif:négatif)

----------------------------------------

