=== CLUSTERING STEPS POUR matrix_ctg0_15000_20000.csv ===
Nombre d'haplotypes: 3
Timestamp: 2025-06-06T15:34:45.270154
Nombre total de steps: 1

============================================================

STEP 1:
  Groupe positif (reads1): 25 éléments
    Indices: [1, 2, 3, 7, 10, 14, 17, 19, 22, 23, 25, 27, 30, 31, 32, 36, 37, 38, 42, 44, 47, 52, 54, 55, 58]
  Groupe négatif (reads0): 41 éléments
    Indices: [0, 4, 5, 6, 8, 9, 11, 12, 13, 15, 16, 18, 20, 21, 24, 26, 28, 29, 33, 34, 35, 39, 40, 41, 43, 45, 46, 48, 49, 50, 51, 53, 56, 57, 59, 60, 61, 62, 63, 64, 65]
  Colonnes concernées: 30 éléments
    Indices: [0, 1, 2, 3, 4, 5, 6, 7, 8, 9, 11, 12, 13, 14, 15, 16, 18, 19, 20, 21, 22, 23, 24, 25, 26, 27, 28, 29, 30, 31]
  Ratio: 25:41 (positif:négatif)

----------------------------------------

