=== CLUSTERING STEPS POUR matrix_ctg0_65000_70000.csv ===
Nombre d'haplotypes: 3
Timestamp: 2025-06-06T15:34:45.464868
Nombre total de steps: 1

============================================================

STEP 1:
  Groupe positif (reads1): 59 éléments
    Indices: [0, 1, 2, 4, 6, 8, 10, 11, 15, 16, 17, 18, 20, 21, 23, 24, 25, 30, 31, 32, 33, 35, 36, 38, 39, 40, 42, 43, 44, 45, 47, 48, 50, 51, 52, 53, 54, 55, 57, 58, 59, 60, 61, 62, 64, 65, 66, 67, 68, 69, 70, 71, 72, 73, 74, 76, 77, 78, 79]
  Groupe négatif (reads0): 21 éléments
    Indices: [3, 5, 7, 9, 12, 13, 14, 19, 22, 26, 27, 28, 29, 34, 37, 41, 46, 49, 56, 63, 75]
  Colonnes concernées: 43 éléments
    Indices: [1, 2, 3, 4, 5, 6, 7, 8, 9, 10, 11, 12, 13, 14, 15, 16, 17, 18, 19, 20, 21, 22, 23, 24, 25, 26, 27, 28, 29, 30, 31, 32, 33, 34, 35, 36, 37, 38, 39, 40, 41, 42, 43]
  Ratio: 59:21 (positif:négatif)

----------------------------------------

