=== CLUSTERING STEPS POUR matrix_edge_27_37446_42446.csv ===
Nombre d'haplotypes: 6
Timestamp: 2025-06-06T15:34:48.094084
Nombre total de steps: 6

============================================================

STEP 1:
  Groupe positif (reads1): 6 éléments
    Indices: [56, 57, 75, 88, 89, 97]
  Groupe négatif (reads0): 95 éléments
    Indices: [0, 1, 2, 3, 4, 5, 6, 7, 8, 9, 10, 11, 12, 13, 14, 15, 16, 17, 18, 19, 20, 21, 22, 23, 24, 25, 26, 27, 28, 29, 30, 31, 32, 33, 34, 35, 36, 37, 38, 39, 40, 41, 42, 43, 44, 45, 46, 47, 48, 49, 50, 51, 52, 53, 54, 55, 58, 59, 60, 61, 62, 63, 64, 65, 66, 67, 68, 69, 70, 71, 72, 73, 74, 76, 77, 78, 79, 80, 81, 82, 83, 84, 85, 86, 87, 90, 91, 92, 93, 94, 95, 96, 98, 99, 100]
  Colonnes concernées: 20 éléments
    Indices: [30, 37, 45, 52, 112, 119, 126, 137, 145, 148, 152, 153, 157, 162, 166, 168, 170, 175, 183, 184]
  Ratio: 6:95 (positif:négatif)

----------------------------------------

STEP 2:
  Groupe positif (reads1): 47 éléments
    Indices: [0, 1, 2, 3, 4, 5, 6, 7, 8, 9, 10, 11, 12, 13, 14, 15, 16, 17, 18, 19, 20, 21, 22, 23, 24, 25, 26, 27, 28, 29, 30, 31, 32, 33, 34, 35, 36, 37, 38, 39, 40, 41, 42, 43, 84, 99, 100]
  Groupe négatif (reads0): 54 éléments
    Indices: [44, 45, 46, 47, 48, 49, 50, 51, 52, 53, 54, 55, 56, 57, 58, 59, 60, 61, 62, 63, 64, 65, 66, 67, 68, 69, 70, 71, 72, 73, 74, 75, 76, 77, 78, 79, 80, 81, 82, 83, 85, 86, 87, 88, 89, 90, 91, 92, 93, 94, 95, 96, 97, 98]
  Colonnes concernées: 13 éléments
    Indices: [7, 14, 27, 29, 32, 43, 47, 67, 85, 96, 163, 176, 198]
  Ratio: 47:54 (positif:négatif)

----------------------------------------

STEP 3:
  Groupe positif (reads1): 48 éléments
    Indices: [0, 1, 2, 3, 4, 5, 6, 7, 8, 9, 10, 11, 12, 13, 14, 15, 16, 17, 18, 19, 20, 21, 22, 23, 24, 25, 26, 27, 28, 29, 30, 31, 32, 33, 34, 35, 36, 37, 38, 39, 40, 41, 42, 43, 56, 84, 99, 100]
  Groupe négatif (reads0): 53 éléments
    Indices: [44, 45, 46, 47, 48, 49, 50, 51, 52, 53, 54, 55, 57, 58, 59, 60, 61, 62, 63, 64, 65, 66, 67, 68, 69, 70, 71, 72, 73, 74, 75, 76, 77, 78, 79, 80, 81, 82, 83, 85, 86, 87, 88, 89, 90, 91, 92, 93, 94, 95, 96, 97, 98]
  Colonnes concernées: 3 éléments
    Indices: [31, 204, 207]
  Ratio: 48:53 (positif:négatif)

----------------------------------------

STEP 4:
  Groupe positif (reads1): 51 éléments
    Indices: [0, 1, 2, 3, 4, 5, 7, 8, 9, 10, 11, 12, 13, 14, 15, 16, 17, 18, 19, 20, 21, 22, 23, 24, 25, 26, 27, 28, 29, 30, 31, 32, 33, 34, 35, 36, 37, 38, 39, 40, 41, 42, 43, 56, 57, 75, 84, 89, 97, 99, 100]
  Groupe négatif (reads0): 50 éléments
    Indices: [6, 44, 45, 46, 47, 48, 49, 50, 51, 52, 53, 54, 55, 58, 59, 60, 61, 62, 63, 64, 65, 66, 67, 68, 69, 70, 71, 72, 73, 74, 76, 77, 78, 79, 80, 81, 82, 83, 85, 86, 87, 88, 90, 91, 92, 93, 94, 95, 96, 98]
  Colonnes concernées: 3 éléments
    Indices: [73, 177, 190]
  Ratio: 51:50 (positif:négatif)

----------------------------------------

STEP 5:
  Groupe positif (reads1): 48 éléments
    Indices: [0, 1, 2, 3, 4, 5, 6, 7, 8, 9, 10, 11, 12, 13, 14, 15, 16, 17, 18, 19, 20, 21, 22, 23, 24, 25, 26, 27, 28, 29, 30, 31, 32, 33, 34, 35, 36, 37, 38, 39, 40, 41, 42, 43, 71, 84, 99, 100]
  Groupe négatif (reads0): 53 éléments
    Indices: [44, 45, 46, 47, 48, 49, 50, 51, 52, 53, 54, 55, 56, 57, 58, 59, 60, 61, 62, 63, 64, 65, 66, 67, 68, 69, 70, 72, 73, 74, 75, 76, 77, 78, 79, 80, 81, 82, 83, 85, 86, 87, 88, 89, 90, 91, 92, 93, 94, 95, 96, 97, 98]
  Colonnes concernées: 3 éléments
    Indices: [118, 193, 197]
  Ratio: 48:53 (positif:négatif)

----------------------------------------

STEP 6:
  Groupe positif (reads1): 47 éléments
    Indices: [0, 1, 2, 3, 4, 5, 6, 7, 8, 9, 10, 11, 12, 13, 14, 15, 16, 17, 18, 19, 20, 21, 22, 23, 24, 25, 26, 27, 28, 29, 30, 31, 32, 33, 34, 35, 36, 37, 38, 39, 40, 41, 42, 43, 84, 99, 100]
  Groupe négatif (reads0): 54 éléments
    Indices: [44, 45, 46, 47, 48, 49, 50, 51, 52, 53, 54, 55, 56, 57, 58, 59, 60, 61, 62, 63, 64, 65, 66, 67, 68, 69, 70, 71, 72, 73, 74, 75, 76, 77, 78, 79, 80, 81, 82, 83, 85, 86, 87, 88, 89, 90, 91, 92, 93, 94, 95, 96, 97, 98]
  Colonnes concernées: 6 éléments
    Indices: [16, 25, 38, 40, 97, 98]
  Ratio: 47:54 (positif:négatif)

----------------------------------------

