=== CLUSTERING STEPS POUR matrix_edge_10_60630_65630.csv ===
Nombre d'haplotypes: 4
Timestamp: 2025-06-06T15:36:42.170419
Nombre total de steps: 6

============================================================

STEP 1:
  Groupe positif (reads1): 1 éléments
    Indices: [77]
  Groupe négatif (reads0): 122 éléments
    Indices: [0, 1, 2, 3, 4, 5, 6, 7, 8, 9, 10, 11, 12, 13, 14, 15, 16, 17, 18, 19, 20, 21, 22, 23, 24, 25, 26, 27, 28, 29, 30, 31, 32, 33, 34, 35, 36, 37, 38, 39, 40, 41, 42, 43, 44, 45, 46, 47, 48, 49, 50, 51, 52, 53, 54, 55, 56, 57, 58, 59, 60, 61, 62, 63, 64, 65, 66, 67, 68, 69, 70, 71, 72, 73, 74, 75, 76, 78, 79, 80, 81, 82, 83, 84, 85, 86, 87, 88, 89, 90, 91, 92, 93, 94, 95, 96, 97, 98, 99, 100, 101, 102, 103, 104, 105, 106, 107, 108, 109, 110, 111, 112, 113, 114, 115, 116, 117, 118, 119, 120, 121, 122]
  Colonnes concernées: 3 éléments
    Indices: [0, 41, 142]
  Ratio: 1:122 (positif:négatif)

----------------------------------------

STEP 2:
  Groupe positif (reads1): 106 éléments
    Indices: [1, 2, 3, 5, 6, 7, 8, 9, 11, 12, 14, 15, 16, 18, 19, 20, 22, 23, 24, 25, 26, 27, 28, 30, 31, 33, 34, 35, 36, 38, 40, 41, 42, 43, 44, 45, 46, 47, 48, 49, 50, 51, 52, 53, 56, 57, 58, 59, 60, 62, 63, 64, 65, 66, 67, 68, 69, 70, 71, 72, 73, 74, 75, 76, 77, 78, 79, 80, 81, 82, 83, 84, 85, 86, 87, 88, 89, 90, 91, 92, 93, 94, 95, 96, 97, 99, 100, 102, 103, 105, 106, 107, 108, 109, 110, 111, 112, 113, 114, 116, 117, 118, 119, 120, 121, 122]
  Groupe négatif (reads0): 17 éléments
    Indices: [0, 4, 10, 13, 17, 21, 29, 32, 37, 39, 54, 55, 61, 98, 101, 104, 115]
  Colonnes concernées: 5 éléments
    Indices: [45, 68, 73, 153, 156]
  Ratio: 106:17 (positif:négatif)

----------------------------------------

STEP 3:
  Groupe positif (reads1): 80 éléments
    Indices: [1, 3, 5, 6, 7, 9, 14, 16, 18, 19, 22, 23, 24, 27, 30, 33, 34, 36, 38, 40, 42, 43, 45, 46, 47, 48, 49, 51, 53, 57, 58, 60, 63, 64, 65, 66, 67, 68, 69, 71, 72, 73, 74, 75, 76, 77, 78, 79, 80, 81, 82, 83, 84, 85, 86, 87, 88, 91, 93, 94, 96, 97, 99, 100, 103, 105, 108, 109, 110, 111, 112, 113, 114, 116, 117, 118, 119, 120, 121, 122]
  Groupe négatif (reads0): 43 éléments
    Indices: [0, 2, 4, 8, 10, 11, 12, 13, 15, 17, 20, 21, 25, 26, 28, 29, 31, 32, 35, 37, 39, 41, 44, 50, 52, 54, 55, 56, 59, 61, 62, 70, 89, 90, 92, 95, 98, 101, 102, 104, 106, 107, 115]
  Colonnes concernées: 23 éléments
    Indices: [4, 5, 6, 13, 17, 27, 35, 42, 54, 55, 60, 66, 76, 86, 89, 96, 99, 107, 110, 115, 147, 160, 162]
  Ratio: 80:43 (positif:négatif)

----------------------------------------

STEP 4:
  Groupe positif (reads1): 97 éléments
    Indices: [0, 1, 3, 4, 5, 6, 7, 9, 10, 13, 14, 16, 17, 18, 19, 21, 22, 23, 24, 27, 29, 30, 32, 33, 34, 36, 37, 38, 39, 40, 42, 43, 45, 46, 47, 48, 49, 51, 53, 54, 55, 57, 58, 60, 61, 63, 64, 65, 66, 67, 68, 69, 71, 72, 73, 74, 75, 76, 77, 78, 79, 80, 81, 82, 83, 84, 85, 86, 87, 88, 91, 93, 94, 96, 97, 98, 99, 100, 101, 103, 104, 105, 108, 109, 110, 111, 112, 113, 114, 115, 116, 117, 118, 119, 120, 121, 122]
  Groupe négatif (reads0): 26 éléments
    Indices: [2, 8, 11, 12, 15, 20, 25, 26, 28, 31, 35, 41, 44, 50, 52, 56, 59, 62, 70, 89, 90, 92, 95, 102, 106, 107]
  Colonnes concernées: 5 éléments
    Indices: [16, 39, 48, 83, 85]
  Ratio: 97:26 (positif:négatif)

----------------------------------------

STEP 5:
  Groupe positif (reads1): 85 éléments
    Indices: [0, 2, 4, 6, 7, 8, 9, 10, 11, 12, 13, 14, 15, 16, 17, 20, 21, 22, 25, 26, 28, 29, 31, 32, 34, 35, 36, 37, 39, 41, 42, 43, 44, 45, 46, 47, 48, 49, 50, 52, 54, 55, 56, 57, 59, 61, 62, 63, 64, 66, 70, 71, 73, 75, 79, 83, 84, 85, 86, 89, 90, 92, 94, 95, 96, 98, 99, 100, 101, 102, 103, 104, 105, 106, 107, 108, 109, 110, 113, 114, 115, 118, 119, 120, 121]
  Groupe négatif (reads0): 38 éléments
    Indices: [1, 3, 5, 18, 19, 23, 24, 27, 30, 33, 38, 40, 51, 53, 58, 60, 65, 67, 68, 69, 72, 74, 76, 77, 78, 80, 81, 82, 87, 88, 91, 93, 97, 111, 112, 116, 117, 122]
  Colonnes concernées: 4 éléments
    Indices: [10, 121, 125, 126]
  Ratio: 85:38 (positif:négatif)

----------------------------------------

STEP 6:
  Groupe positif (reads1): 79 éléments
    Indices: [0, 1, 2, 3, 4, 5, 8, 10, 11, 12, 13, 15, 17, 18, 19, 20, 21, 23, 24, 25, 26, 27, 28, 29, 30, 31, 32, 33, 35, 37, 38, 39, 40, 41, 44, 50, 51, 52, 53, 54, 55, 56, 58, 59, 60, 61, 62, 65, 67, 69, 70, 72, 74, 76, 77, 78, 80, 81, 82, 87, 88, 89, 90, 91, 92, 95, 97, 98, 101, 102, 104, 106, 107, 111, 112, 115, 116, 117, 122]
  Groupe négatif (reads0): 44 éléments
    Indices: [6, 7, 9, 14, 16, 22, 34, 36, 42, 43, 45, 46, 47, 48, 49, 57, 63, 64, 66, 68, 71, 73, 75, 79, 83, 84, 85, 86, 93, 94, 96, 99, 100, 103, 105, 108, 109, 110, 113, 114, 118, 119, 120, 121]
  Colonnes concernées: 5 éléments
    Indices: [82, 105, 137, 138, 157]
  Ratio: 79:44 (positif:négatif)

----------------------------------------

