=== CLUSTERING STEPS POUR matrix_edge_10_48504_53504.csv ===
Nombre d'haplotypes: 4
Timestamp: 2025-06-06T15:36:41.326675
Nombre total de steps: 6

============================================================

STEP 1:
  Groupe positif (reads1): 119 éléments
    Indices: [0, 1, 2, 3, 4, 5, 6, 7, 8, 11, 12, 13, 14, 15, 16, 18, 21, 22, 23, 24, 25, 26, 27, 28, 30, 31, 33, 34, 35, 36, 37, 39, 40, 41, 42, 44, 46, 47, 49, 50, 51, 52, 53, 54, 55, 56, 58, 59, 60, 61, 62, 64, 65, 66, 67, 68, 69, 70, 71, 74, 76, 77, 78, 80, 81, 82, 83, 84, 85, 88, 89, 91, 92, 93, 94, 95, 98, 99, 100, 101, 102, 103, 104, 105, 108, 110, 111, 112, 113, 114, 116, 117, 118, 119, 120, 121, 122, 123, 124, 125, 126, 128, 129, 134, 136, 137, 139, 140, 141, 143, 145, 148, 149, 150, 151, 152, 157, 158, 159]
  Groupe négatif (reads0): 42 éléments
    Indices: [9, 10, 17, 19, 20, 29, 32, 38, 43, 45, 48, 57, 63, 72, 73, 75, 79, 86, 87, 90, 96, 97, 106, 107, 109, 115, 127, 130, 131, 132, 133, 135, 138, 142, 144, 146, 147, 153, 154, 155, 156, 160]
  Colonnes concernées: 5 éléments
    Indices: [12, 14, 97, 113, 166]
  Ratio: 119:42 (positif:négatif)

----------------------------------------

STEP 2:
  Groupe positif (reads1): 79 éléments
    Indices: [0, 1, 5, 7, 15, 18, 21, 23, 24, 25, 26, 27, 28, 30, 33, 35, 39, 41, 42, 46, 47, 49, 52, 53, 54, 56, 58, 60, 61, 64, 65, 67, 69, 71, 74, 76, 77, 81, 82, 83, 84, 89, 91, 92, 93, 94, 98, 99, 100, 102, 103, 104, 108, 110, 111, 112, 113, 116, 117, 118, 119, 120, 122, 123, 124, 125, 126, 134, 136, 137, 141, 143, 148, 149, 150, 152, 157, 158, 159]
  Groupe négatif (reads0): 82 éléments
    Indices: [2, 3, 4, 6, 8, 9, 10, 11, 12, 13, 14, 16, 17, 19, 20, 22, 29, 31, 32, 34, 36, 37, 38, 40, 43, 44, 45, 48, 50, 51, 55, 57, 59, 62, 63, 66, 68, 70, 72, 73, 75, 78, 79, 80, 85, 86, 87, 88, 90, 95, 96, 97, 101, 105, 106, 107, 109, 114, 115, 121, 127, 128, 129, 130, 131, 132, 133, 135, 138, 139, 140, 142, 144, 145, 146, 147, 151, 153, 154, 155, 156, 160]
  Colonnes concernées: 16 éléments
    Indices: [36, 47, 49, 53, 61, 69, 77, 116, 121, 131, 157, 159, 162, 179, 180, 181]
  Ratio: 79:82 (positif:négatif)

----------------------------------------

STEP 3:
  Groupe positif (reads1): 39 éléments
    Indices: [2, 3, 4, 6, 8, 11, 12, 13, 14, 16, 22, 31, 34, 36, 37, 40, 44, 50, 51, 55, 59, 62, 66, 68, 70, 78, 80, 85, 88, 95, 101, 105, 114, 121, 128, 129, 140, 145, 151]
  Groupe négatif (reads0): 122 éléments
    Indices: [0, 1, 5, 7, 9, 10, 15, 17, 18, 19, 20, 21, 23, 24, 25, 26, 27, 28, 29, 30, 32, 33, 35, 38, 39, 41, 42, 43, 45, 46, 47, 48, 49, 52, 53, 54, 56, 57, 58, 60, 61, 63, 64, 65, 67, 69, 71, 72, 73, 74, 75, 76, 77, 79, 81, 82, 83, 84, 86, 87, 89, 90, 91, 92, 93, 94, 96, 97, 98, 99, 100, 102, 103, 104, 106, 107, 108, 109, 110, 111, 112, 113, 115, 116, 117, 118, 119, 120, 122, 123, 124, 125, 126, 127, 130, 131, 132, 133, 134, 135, 136, 137, 138, 139, 141, 142, 143, 144, 146, 147, 148, 149, 150, 152, 153, 154, 155, 156, 157, 158, 159, 160]
  Colonnes concernées: 4 éléments
    Indices: [15, 81, 92, 95]
  Ratio: 39:122 (positif:négatif)

----------------------------------------

STEP 4:
  Groupe positif (reads1): 121 éléments
    Indices: [1, 2, 3, 4, 6, 8, 9, 10, 11, 12, 13, 14, 15, 16, 17, 19, 20, 21, 22, 24, 25, 26, 28, 29, 31, 32, 33, 34, 35, 36, 37, 38, 40, 41, 43, 44, 45, 46, 47, 48, 49, 50, 51, 52, 55, 57, 58, 59, 60, 62, 63, 64, 66, 68, 69, 70, 72, 73, 74, 75, 76, 78, 79, 80, 82, 83, 85, 86, 87, 88, 89, 90, 91, 92, 95, 96, 97, 100, 101, 105, 106, 107, 109, 110, 112, 114, 115, 116, 119, 120, 121, 122, 126, 127, 128, 129, 130, 131, 132, 133, 135, 136, 138, 139, 140, 142, 143, 144, 145, 146, 147, 148, 151, 153, 154, 155, 156, 157, 158, 159, 160]
  Groupe négatif (reads0): 40 éléments
    Indices: [0, 5, 7, 18, 23, 27, 30, 39, 42, 53, 54, 56, 61, 65, 67, 71, 77, 81, 84, 93, 94, 98, 99, 102, 103, 104, 108, 111, 113, 117, 118, 123, 124, 125, 134, 137, 141, 149, 150, 152]
  Colonnes concernées: 12 éléments
    Indices: [4, 5, 9, 11, 17, 24, 40, 45, 59, 90, 112, 114]
  Ratio: 121:40 (positif:négatif)

----------------------------------------

STEP 5:
  Groupe positif (reads1): 82 éléments
    Indices: [2, 3, 4, 6, 8, 9, 10, 11, 12, 13, 14, 16, 17, 19, 20, 22, 29, 31, 32, 34, 36, 37, 38, 40, 43, 44, 45, 48, 50, 51, 55, 57, 59, 62, 63, 66, 68, 70, 72, 73, 75, 78, 79, 80, 85, 86, 87, 88, 90, 95, 96, 97, 101, 105, 106, 107, 109, 114, 115, 121, 127, 128, 129, 130, 131, 132, 133, 135, 138, 139, 140, 142, 144, 145, 146, 147, 151, 153, 154, 155, 156, 160]
  Groupe négatif (reads0): 79 éléments
    Indices: [0, 1, 5, 7, 15, 18, 21, 23, 24, 25, 26, 27, 28, 30, 33, 35, 39, 41, 42, 46, 47, 49, 52, 53, 54, 56, 58, 60, 61, 64, 65, 67, 69, 71, 74, 76, 77, 81, 82, 83, 84, 89, 91, 92, 93, 94, 98, 99, 100, 102, 103, 104, 108, 110, 111, 112, 113, 116, 117, 118, 119, 120, 122, 123, 124, 125, 126, 134, 136, 137, 141, 143, 148, 149, 150, 152, 157, 158, 159]
  Colonnes concernées: 16 éléments
    Indices: [23, 35, 48, 51, 75, 76, 94, 101, 109, 135, 136, 152, 153, 167, 178, 192]
  Ratio: 82:79 (positif:négatif)

----------------------------------------

STEP 6:
  Groupe positif (reads1): 122 éléments
    Indices: [0, 2, 3, 4, 5, 6, 7, 8, 9, 10, 11, 12, 13, 14, 16, 17, 18, 19, 20, 22, 23, 27, 29, 30, 31, 32, 34, 36, 37, 38, 39, 40, 42, 43, 44, 45, 48, 50, 51, 53, 54, 55, 56, 57, 59, 61, 62, 63, 65, 66, 67, 68, 70, 71, 72, 73, 75, 77, 78, 79, 80, 81, 84, 85, 86, 87, 88, 90, 93, 94, 95, 96, 97, 98, 99, 101, 102, 103, 104, 105, 106, 107, 108, 109, 111, 113, 114, 115, 117, 118, 121, 123, 124, 125, 127, 128, 129, 130, 131, 132, 133, 134, 135, 137, 138, 139, 140, 141, 142, 144, 145, 146, 147, 149, 150, 151, 152, 153, 154, 155, 156, 160]
  Groupe négatif (reads0): 39 éléments
    Indices: [1, 15, 21, 24, 25, 26, 28, 33, 35, 41, 46, 47, 49, 52, 58, 60, 64, 69, 74, 76, 82, 83, 89, 91, 92, 100, 110, 112, 116, 119, 120, 122, 126, 136, 143, 148, 157, 158, 159]
  Colonnes concernées: 7 éléments
    Indices: [20, 30, 31, 55, 104, 110, 111]
  Ratio: 122:39 (positif:négatif)

----------------------------------------

