=== CLUSTERING STEPS POUR matrix_edge_2_167496_172496.csv ===
Nombre d'haplotypes: 4
Timestamp: 2025-06-06T15:36:20.027519
Nombre total de steps: 10

============================================================

STEP 1:
  Groupe positif (reads1): 208 éléments
    Indices: [0, 3, 4, 5, 7, 9, 11, 12, 14, 16, 18, 20, 21, 24, 26, 28, 29, 30, 33, 34, 36, 38, 40, 42, 48, 49, 53, 57, 58, 59, 60, 61, 62, 63, 64, 65, 66, 67, 68, 69, 70, 71, 72, 73, 74, 75, 76, 77, 78, 79, 80, 81, 82, 83, 84, 85, 86, 87, 88, 89, 90, 91, 92, 93, 94, 95, 96, 97, 98, 99, 100, 101, 102, 103, 104, 107, 110, 111, 112, 113, 116, 117, 118, 119, 120, 122, 123, 125, 126, 128, 130, 133, 134, 135, 137, 141, 144, 147, 149, 150, 151, 152, 153, 154, 155, 164, 165, 166, 167, 168, 169, 170, 171, 172, 173, 174, 175, 176, 177, 178, 179, 180, 181, 182, 183, 184, 185, 186, 187, 188, 189, 190, 191, 192, 196, 199, 200, 203, 204, 205, 206, 210, 212, 214, 217, 218, 219, 220, 221, 227, 228, 229, 230, 231, 232, 233, 234, 235, 236, 238, 240, 241, 243, 244, 245, 250, 251, 252, 253, 254, 255, 256, 257, 258, 259, 260, 262, 263, 265, 267, 270, 271, 272, 274, 275, 276, 277, 278, 279, 281, 282, 283, 284, 285, 286, 287, 292, 293, 294, 295, 296, 298, 299, 301, 302, 303, 304, 305]
  Groupe négatif (reads0): 98 éléments
    Indices: [1, 2, 6, 8, 10, 13, 15, 17, 19, 22, 23, 25, 27, 31, 32, 35, 37, 39, 41, 43, 44, 45, 46, 47, 50, 51, 52, 54, 55, 56, 105, 106, 108, 109, 114, 115, 121, 124, 127, 129, 131, 132, 136, 138, 139, 140, 142, 143, 145, 146, 148, 156, 157, 158, 159, 160, 161, 162, 163, 193, 194, 195, 197, 198, 201, 202, 207, 208, 209, 211, 213, 215, 216, 222, 223, 224, 225, 226, 237, 239, 242, 246, 247, 248, 249, 261, 264, 266, 268, 269, 273, 280, 288, 289, 290, 291, 297, 300]
  Colonnes concernées: 6 éléments
    Indices: [0, 2, 3, 13, 182, 195]
  Ratio: 208:98 (positif:négatif)

----------------------------------------

STEP 2:
  Groupe positif (reads1): 137 éléments
    Indices: [1, 2, 3, 4, 6, 7, 8, 10, 13, 14, 15, 17, 19, 20, 22, 23, 25, 26, 27, 28, 29, 30, 31, 32, 33, 34, 35, 36, 37, 38, 39, 40, 41, 42, 43, 44, 45, 46, 47, 50, 51, 52, 53, 54, 55, 56, 105, 106, 108, 109, 112, 114, 115, 116, 119, 120, 121, 123, 124, 127, 129, 131, 132, 136, 138, 139, 140, 141, 142, 143, 144, 145, 146, 147, 148, 150, 154, 155, 156, 157, 158, 159, 160, 161, 162, 163, 192, 193, 194, 195, 197, 198, 201, 202, 207, 208, 209, 211, 213, 214, 215, 216, 220, 221, 222, 223, 224, 225, 226, 236, 237, 239, 242, 245, 246, 247, 248, 249, 261, 264, 266, 268, 269, 273, 276, 280, 285, 288, 289, 290, 291, 293, 297, 300, 302, 304, 305]
  Groupe négatif (reads0): 169 éléments
    Indices: [0, 5, 9, 11, 12, 16, 18, 21, 24, 48, 49, 57, 58, 59, 60, 61, 62, 63, 64, 65, 66, 67, 68, 69, 70, 71, 72, 73, 74, 75, 76, 77, 78, 79, 80, 81, 82, 83, 84, 85, 86, 87, 88, 89, 90, 91, 92, 93, 94, 95, 96, 97, 98, 99, 100, 101, 102, 103, 104, 107, 110, 111, 113, 117, 118, 122, 125, 126, 128, 130, 133, 134, 135, 137, 149, 151, 152, 153, 164, 165, 166, 167, 168, 169, 170, 171, 172, 173, 174, 175, 176, 177, 178, 179, 180, 181, 182, 183, 184, 185, 186, 187, 188, 189, 190, 191, 196, 199, 200, 203, 204, 205, 206, 210, 212, 217, 218, 219, 227, 228, 229, 230, 231, 232, 233, 234, 235, 238, 240, 241, 243, 244, 250, 251, 252, 253, 254, 255, 256, 257, 258, 259, 260, 262, 263, 265, 267, 270, 271, 272, 274, 275, 277, 278, 279, 281, 282, 283, 284, 286, 287, 292, 294, 295, 296, 298, 299, 301, 303]
  Colonnes concernées: 12 éléments
    Indices: [28, 41, 44, 50, 57, 58, 75, 79, 116, 117, 197, 198]
  Ratio: 137:169 (positif:négatif)

----------------------------------------

STEP 3:
  Groupe positif (reads1): 267 éléments
    Indices: [0, 1, 2, 5, 6, 8, 9, 10, 11, 12, 13, 15, 16, 17, 18, 19, 21, 22, 23, 24, 25, 27, 31, 32, 35, 37, 39, 41, 43, 44, 45, 46, 47, 48, 49, 50, 51, 52, 54, 55, 56, 57, 58, 59, 60, 61, 62, 63, 64, 65, 66, 67, 68, 69, 70, 71, 72, 73, 74, 75, 76, 77, 78, 79, 80, 81, 82, 83, 84, 85, 86, 87, 88, 89, 90, 91, 92, 93, 94, 95, 96, 97, 98, 99, 100, 101, 102, 103, 104, 105, 106, 107, 108, 109, 110, 111, 113, 114, 115, 117, 118, 121, 122, 124, 125, 126, 127, 128, 129, 130, 131, 132, 133, 134, 135, 136, 137, 138, 139, 140, 142, 143, 145, 146, 148, 149, 151, 152, 153, 156, 157, 158, 159, 160, 161, 162, 163, 164, 165, 166, 167, 168, 169, 170, 171, 172, 173, 174, 175, 176, 177, 178, 179, 180, 181, 182, 183, 184, 185, 186, 187, 188, 189, 190, 191, 193, 194, 195, 196, 197, 198, 199, 200, 201, 202, 203, 204, 205, 206, 207, 208, 209, 210, 211, 212, 213, 215, 216, 217, 218, 219, 222, 223, 224, 225, 226, 227, 228, 229, 230, 231, 232, 233, 234, 235, 237, 238, 239, 240, 241, 242, 243, 244, 246, 247, 248, 249, 250, 251, 252, 253, 254, 255, 256, 257, 258, 259, 260, 261, 262, 263, 264, 265, 266, 267, 268, 269, 270, 271, 272, 273, 274, 275, 277, 278, 279, 280, 281, 282, 283, 284, 286, 287, 288, 289, 290, 291, 292, 294, 295, 296, 297, 298, 299, 300, 301, 303]
  Groupe négatif (reads0): 39 éléments
    Indices: [3, 4, 7, 14, 20, 26, 28, 29, 30, 33, 34, 36, 38, 40, 42, 53, 112, 116, 119, 120, 123, 141, 144, 147, 150, 154, 155, 192, 214, 220, 221, 236, 245, 276, 285, 293, 302, 304, 305]
  Colonnes concernées: 23 éléments
    Indices: [5, 6, 11, 17, 20, 25, 65, 68, 72, 90, 153, 156, 162, 166, 168, 169, 176, 185, 186, 187, 189, 191, 194]
  Ratio: 267:39 (positif:négatif)

----------------------------------------

STEP 4:
  Groupe positif (reads1): 259 éléments
    Indices: [0, 1, 2, 3, 4, 5, 7, 9, 10, 11, 12, 14, 16, 18, 19, 20, 21, 24, 25, 26, 27, 28, 29, 30, 31, 32, 33, 34, 35, 36, 38, 39, 40, 42, 43, 46, 47, 48, 49, 50, 51, 53, 56, 57, 58, 59, 60, 61, 62, 63, 64, 65, 66, 67, 68, 69, 70, 71, 72, 73, 74, 75, 76, 77, 78, 79, 80, 81, 82, 83, 84, 85, 86, 87, 88, 89, 90, 91, 92, 93, 94, 95, 96, 97, 98, 99, 100, 101, 102, 103, 104, 107, 110, 111, 112, 113, 114, 116, 117, 118, 119, 120, 121, 122, 123, 124, 125, 126, 127, 128, 129, 130, 132, 133, 134, 135, 136, 137, 138, 139, 141, 144, 145, 147, 148, 149, 150, 151, 152, 153, 154, 155, 158, 159, 160, 161, 162, 164, 165, 166, 167, 168, 169, 170, 171, 172, 173, 174, 175, 176, 177, 178, 179, 180, 181, 182, 183, 184, 185, 186, 187, 188, 189, 190, 191, 192, 194, 195, 196, 197, 199, 200, 203, 204, 205, 206, 210, 212, 214, 217, 218, 219, 220, 221, 222, 223, 224, 225, 227, 228, 229, 230, 231, 232, 233, 234, 235, 236, 237, 238, 239, 240, 241, 242, 243, 244, 245, 247, 248, 249, 250, 251, 252, 253, 254, 255, 256, 257, 258, 259, 260, 262, 263, 264, 265, 266, 267, 268, 270, 271, 272, 273, 274, 275, 276, 277, 278, 279, 280, 281, 282, 283, 284, 285, 286, 287, 292, 293, 294, 295, 296, 297, 298, 299, 301, 302, 303, 304, 305]
  Groupe négatif (reads0): 47 éléments
    Indices: [6, 8, 13, 15, 17, 22, 23, 37, 41, 44, 45, 52, 54, 55, 105, 106, 108, 109, 115, 131, 140, 142, 143, 146, 156, 157, 163, 193, 198, 201, 202, 207, 208, 209, 211, 213, 215, 216, 226, 246, 261, 269, 288, 289, 290, 291, 300]
  Colonnes concernées: 7 éléments
    Indices: [8, 51, 138, 142, 143, 145, 192]
  Ratio: 259:47 (positif:négatif)

----------------------------------------

STEP 5:
  Groupe positif (reads1): 259 éléments
    Indices: [0, 1, 2, 3, 4, 5, 6, 7, 8, 9, 10, 11, 12, 13, 14, 15, 16, 17, 18, 19, 20, 21, 22, 23, 24, 25, 26, 27, 28, 29, 30, 31, 32, 33, 34, 35, 36, 37, 38, 39, 40, 41, 42, 43, 44, 45, 46, 47, 48, 49, 50, 51, 52, 53, 54, 55, 56, 57, 58, 59, 60, 61, 62, 71, 72, 73, 74, 75, 76, 78, 80, 81, 82, 83, 85, 86, 87, 88, 89, 90, 91, 92, 93, 94, 95, 96, 97, 98, 99, 100, 101, 102, 105, 106, 107, 108, 109, 110, 111, 112, 113, 114, 115, 116, 117, 118, 119, 120, 121, 122, 123, 124, 125, 127, 129, 130, 131, 132, 133, 134, 135, 136, 137, 138, 139, 140, 141, 142, 143, 144, 145, 146, 147, 148, 149, 150, 151, 152, 153, 154, 155, 156, 157, 158, 159, 160, 161, 162, 163, 165, 170, 171, 175, 176, 177, 182, 183, 184, 185, 186, 187, 188, 189, 190, 191, 192, 193, 194, 195, 197, 198, 200, 201, 202, 203, 204, 206, 207, 208, 209, 210, 211, 212, 213, 214, 215, 216, 219, 220, 221, 222, 223, 224, 225, 226, 227, 228, 229, 230, 231, 232, 233, 234, 236, 237, 238, 239, 240, 241, 242, 245, 246, 247, 248, 249, 250, 254, 255, 256, 257, 258, 260, 261, 263, 264, 265, 266, 268, 269, 271, 272, 273, 274, 276, 278, 279, 280, 282, 285, 286, 287, 288, 289, 290, 291, 292, 293, 294, 295, 296, 297, 298, 299, 300, 301, 302, 303, 304, 305]
  Groupe négatif (reads0): 47 éléments
    Indices: [63, 64, 65, 66, 67, 68, 69, 70, 77, 79, 84, 103, 104, 126, 128, 164, 166, 167, 168, 169, 172, 173, 174, 178, 179, 180, 181, 196, 199, 205, 217, 218, 235, 243, 244, 251, 252, 253, 259, 262, 267, 270, 275, 277, 281, 283, 284]
  Colonnes concernées: 17 éléments
    Indices: [18, 21, 29, 36, 76, 84, 85, 96, 100, 103, 104, 107, 108, 122, 200, 201, 208]
  Ratio: 259:47 (positif:négatif)

----------------------------------------

STEP 6:
  Groupe positif (reads1): 184 éléments
    Indices: [1, 2, 3, 4, 6, 7, 8, 10, 13, 14, 15, 17, 19, 20, 22, 23, 25, 26, 27, 28, 29, 30, 31, 32, 33, 34, 35, 36, 37, 38, 39, 40, 41, 42, 43, 44, 45, 46, 47, 50, 51, 52, 53, 54, 55, 56, 63, 64, 65, 66, 67, 68, 69, 70, 77, 79, 84, 103, 104, 105, 106, 108, 109, 112, 114, 115, 116, 119, 120, 121, 123, 124, 126, 127, 128, 129, 131, 132, 136, 138, 139, 140, 141, 142, 143, 144, 145, 146, 147, 148, 150, 154, 155, 156, 157, 158, 159, 160, 161, 162, 163, 164, 166, 167, 168, 169, 172, 173, 174, 178, 179, 180, 181, 192, 193, 194, 195, 196, 197, 198, 199, 201, 202, 205, 207, 208, 209, 211, 213, 214, 215, 216, 217, 218, 220, 221, 222, 223, 224, 225, 226, 235, 236, 237, 239, 242, 243, 244, 245, 246, 247, 248, 249, 251, 252, 253, 259, 261, 262, 264, 266, 267, 268, 269, 270, 273, 275, 276, 277, 280, 281, 283, 284, 285, 288, 289, 290, 291, 293, 297, 300, 302, 304, 305]
  Groupe négatif (reads0): 122 éléments
    Indices: [0, 5, 9, 11, 12, 16, 18, 21, 24, 48, 49, 57, 58, 59, 60, 61, 62, 71, 72, 73, 74, 75, 76, 78, 80, 81, 82, 83, 85, 86, 87, 88, 89, 90, 91, 92, 93, 94, 95, 96, 97, 98, 99, 100, 101, 102, 107, 110, 111, 113, 117, 118, 122, 125, 130, 133, 134, 135, 137, 149, 151, 152, 153, 165, 170, 171, 175, 176, 177, 182, 183, 184, 185, 186, 187, 188, 189, 190, 191, 200, 203, 204, 206, 210, 212, 219, 227, 228, 229, 230, 231, 232, 233, 234, 238, 240, 241, 250, 254, 255, 256, 257, 258, 260, 263, 265, 271, 272, 274, 278, 279, 282, 286, 287, 292, 294, 295, 296, 298, 299, 301, 303]
  Colonnes concernées: 6 éléments
    Indices: [35, 38, 129, 141, 147, 181]
  Ratio: 184:122 (positif:négatif)

----------------------------------------

STEP 7:
  Groupe positif (reads1): 262 éléments
    Indices: [0, 1, 2, 3, 4, 5, 6, 7, 8, 9, 10, 11, 12, 13, 14, 15, 16, 17, 18, 19, 20, 21, 22, 23, 24, 25, 26, 27, 28, 29, 30, 31, 32, 33, 34, 35, 36, 37, 38, 39, 40, 41, 42, 43, 44, 45, 46, 47, 48, 49, 50, 51, 52, 53, 54, 55, 56, 57, 58, 59, 60, 61, 62, 63, 64, 65, 66, 67, 68, 69, 70, 71, 72, 73, 74, 75, 76, 77, 78, 79, 80, 81, 82, 83, 84, 85, 86, 102, 103, 104, 105, 106, 108, 109, 110, 112, 114, 115, 116, 119, 120, 121, 122, 123, 124, 125, 126, 127, 128, 129, 130, 131, 132, 135, 136, 137, 138, 139, 140, 141, 142, 143, 144, 145, 146, 147, 148, 149, 150, 151, 152, 153, 154, 155, 156, 157, 158, 159, 160, 161, 162, 163, 164, 165, 166, 167, 168, 169, 170, 171, 172, 173, 174, 175, 176, 177, 178, 179, 180, 181, 190, 191, 192, 193, 194, 195, 196, 197, 198, 199, 201, 202, 203, 204, 205, 206, 207, 208, 209, 210, 211, 212, 213, 214, 215, 216, 217, 218, 219, 220, 221, 222, 223, 224, 225, 226, 227, 228, 229, 230, 231, 232, 235, 236, 237, 238, 239, 240, 242, 243, 244, 245, 246, 247, 248, 249, 250, 251, 252, 253, 256, 257, 259, 260, 261, 262, 263, 264, 265, 266, 267, 268, 269, 270, 272, 273, 274, 275, 276, 277, 278, 279, 280, 281, 283, 284, 285, 287, 288, 289, 290, 291, 292, 293, 296, 297, 298, 300, 301, 302, 304, 305]
  Groupe négatif (reads0): 44 éléments
    Indices: [87, 88, 89, 90, 91, 92, 93, 94, 95, 96, 97, 98, 99, 100, 101, 107, 111, 113, 117, 118, 133, 134, 182, 183, 184, 185, 186, 187, 188, 189, 200, 233, 234, 241, 254, 255, 258, 271, 282, 286, 294, 295, 299, 303]
  Colonnes concernées: 6 éléments
    Indices: [70, 88, 91, 99, 172, 177]
  Ratio: 262:44 (positif:négatif)

----------------------------------------

STEP 8:
  Groupe positif (reads1): 221 éléments
    Indices: [0, 1, 2, 3, 4, 5, 6, 7, 8, 9, 10, 11, 12, 13, 14, 15, 16, 17, 18, 19, 20, 21, 22, 23, 24, 25, 26, 27, 28, 29, 30, 31, 32, 33, 34, 35, 36, 37, 38, 39, 40, 41, 42, 43, 44, 45, 46, 47, 48, 49, 50, 51, 52, 53, 54, 55, 56, 62, 63, 64, 65, 66, 67, 68, 69, 70, 76, 77, 79, 83, 84, 103, 104, 105, 106, 108, 109, 112, 114, 115, 116, 119, 120, 121, 123, 124, 126, 127, 128, 129, 130, 131, 132, 135, 136, 138, 139, 140, 141, 142, 143, 144, 145, 146, 147, 148, 149, 150, 151, 152, 153, 154, 155, 156, 157, 158, 159, 160, 161, 162, 163, 164, 166, 167, 168, 169, 171, 172, 173, 174, 178, 179, 180, 181, 190, 192, 193, 194, 195, 196, 197, 198, 199, 201, 202, 204, 205, 206, 207, 208, 209, 210, 211, 213, 214, 215, 216, 217, 218, 219, 220, 221, 222, 223, 224, 225, 226, 227, 229, 231, 235, 236, 237, 238, 239, 242, 243, 244, 245, 246, 247, 248, 249, 250, 251, 252, 253, 256, 257, 259, 261, 262, 264, 265, 266, 267, 268, 269, 270, 272, 273, 275, 276, 277, 280, 281, 283, 284, 285, 288, 289, 290, 291, 292, 293, 297, 300, 301, 302, 304, 305]
  Groupe négatif (reads0): 85 éléments
    Indices: [57, 58, 59, 60, 61, 71, 72, 73, 74, 75, 78, 80, 81, 82, 85, 86, 87, 88, 89, 90, 91, 92, 93, 94, 95, 96, 97, 98, 99, 100, 101, 102, 107, 110, 111, 113, 117, 118, 122, 125, 133, 134, 137, 165, 170, 175, 176, 177, 182, 183, 184, 185, 186, 187, 188, 189, 191, 200, 203, 212, 228, 230, 232, 233, 234, 240, 241, 254, 255, 258, 260, 263, 271, 274, 278, 279, 282, 286, 287, 294, 295, 296, 298, 299, 303]
  Colonnes concernées: 5 éléments
    Indices: [149, 152, 154, 155, 158]
  Ratio: 221:85 (positif:négatif)

----------------------------------------

STEP 9:
  Groupe positif (reads1): 51 éléments
    Indices: [1, 2, 10, 19, 25, 27, 31, 32, 35, 39, 43, 46, 47, 50, 51, 56, 85, 114, 121, 124, 127, 129, 132, 136, 138, 139, 145, 148, 158, 159, 160, 161, 162, 194, 195, 197, 222, 223, 224, 225, 237, 239, 242, 247, 248, 249, 264, 266, 268, 273, 297]
  Groupe négatif (reads0): 255 éléments
    Indices: [0, 3, 4, 5, 6, 7, 8, 9, 11, 12, 13, 14, 15, 16, 17, 18, 20, 21, 22, 23, 24, 26, 28, 29, 30, 33, 34, 36, 37, 38, 40, 41, 42, 44, 45, 48, 49, 52, 53, 54, 55, 57, 58, 59, 60, 61, 62, 63, 64, 65, 66, 67, 68, 69, 70, 71, 72, 73, 74, 75, 76, 77, 78, 79, 80, 81, 82, 83, 84, 86, 87, 88, 89, 90, 91, 92, 93, 94, 95, 96, 97, 98, 99, 100, 101, 102, 103, 104, 105, 106, 107, 108, 109, 110, 111, 112, 113, 115, 116, 117, 118, 119, 120, 122, 123, 125, 126, 128, 130, 131, 133, 134, 135, 137, 140, 141, 142, 143, 144, 146, 147, 149, 150, 151, 152, 153, 154, 155, 156, 157, 163, 164, 165, 166, 167, 168, 169, 170, 171, 172, 173, 174, 175, 176, 177, 178, 179, 180, 181, 182, 183, 184, 185, 186, 187, 188, 189, 190, 191, 192, 193, 196, 198, 199, 200, 201, 202, 203, 204, 205, 206, 207, 208, 209, 210, 211, 212, 213, 214, 215, 216, 217, 218, 219, 220, 221, 226, 227, 228, 229, 230, 231, 232, 233, 234, 235, 236, 238, 240, 241, 243, 244, 245, 246, 250, 251, 252, 253, 254, 255, 256, 257, 258, 259, 260, 261, 262, 263, 265, 267, 269, 270, 271, 272, 274, 275, 276, 277, 278, 279, 280, 281, 282, 283, 284, 285, 286, 287, 288, 289, 290, 291, 292, 293, 294, 295, 296, 298, 299, 300, 301, 302, 303, 304, 305]
  Colonnes concernées: 3 éléments
    Indices: [64, 92, 132]
  Ratio: 51:255 (positif:négatif)

----------------------------------------

STEP 10:
  Groupe positif (reads1): 216 éléments
    Indices: [0, 5, 6, 8, 9, 11, 12, 13, 15, 16, 17, 18, 21, 22, 23, 24, 37, 41, 44, 45, 48, 49, 52, 54, 55, 57, 58, 59, 60, 61, 62, 63, 64, 65, 66, 67, 68, 69, 70, 71, 72, 73, 74, 75, 76, 77, 78, 79, 80, 81, 82, 83, 84, 85, 86, 87, 88, 89, 90, 91, 92, 93, 94, 95, 96, 97, 98, 99, 100, 101, 102, 103, 104, 105, 106, 107, 108, 109, 110, 111, 113, 115, 117, 118, 122, 125, 126, 128, 130, 131, 133, 134, 135, 137, 140, 142, 143, 146, 149, 151, 152, 153, 156, 157, 163, 164, 165, 166, 167, 168, 169, 170, 171, 172, 173, 174, 175, 176, 177, 178, 179, 180, 181, 182, 183, 184, 185, 186, 187, 188, 189, 190, 191, 193, 196, 198, 199, 200, 201, 202, 203, 204, 205, 206, 207, 208, 209, 210, 211, 212, 213, 215, 216, 217, 218, 219, 226, 227, 228, 229, 230, 231, 232, 233, 234, 235, 238, 240, 241, 243, 244, 246, 250, 251, 252, 253, 254, 255, 256, 257, 258, 259, 260, 261, 262, 263, 265, 267, 269, 270, 271, 272, 274, 275, 277, 278, 279, 281, 282, 283, 284, 286, 287, 288, 289, 290, 291, 292, 294, 295, 296, 298, 299, 300, 301, 303]
  Groupe négatif (reads0): 90 éléments
    Indices: [1, 2, 3, 4, 7, 10, 14, 19, 20, 25, 26, 27, 28, 29, 30, 31, 32, 33, 34, 35, 36, 38, 39, 40, 42, 43, 46, 47, 50, 51, 53, 56, 112, 114, 116, 119, 120, 121, 123, 124, 127, 129, 132, 136, 138, 139, 141, 144, 145, 147, 148, 150, 154, 155, 158, 159, 160, 161, 162, 192, 194, 195, 197, 214, 220, 221, 222, 223, 224, 225, 236, 237, 239, 242, 245, 247, 248, 249, 264, 266, 268, 273, 276, 280, 285, 293, 297, 302, 304, 305]
  Colonnes concernées: 7 éléments
    Indices: [94, 97, 106, 112, 113, 115, 139]
  Ratio: 216:90 (positif:négatif)

----------------------------------------

