=== CLUSTERING STEPS POUR matrix_edge_10_24252_29252.csv ===
Nombre d'haplotypes: 4
Timestamp: 2025-06-06T15:36:39.235768
Nombre total de steps: 8

============================================================

STEP 1:
  Groupe positif (reads1): 93 éléments
    Indices: [12, 13, 14, 15, 16, 17, 18, 22, 23, 24, 25, 33, 34, 35, 36, 37, 38, 39, 42, 43, 46, 47, 50, 53, 56, 57, 58, 61, 64, 70, 74, 76, 77, 79, 82, 83, 93, 95, 96, 97, 98, 101, 103, 104, 106, 110, 116, 120, 121, 125, 126, 127, 128, 129, 130, 131, 132, 133, 134, 135, 136, 137, 138, 139, 140, 141, 142, 143, 144, 145, 146, 147, 148, 149, 150, 151, 152, 153, 154, 155, 156, 157, 158, 159, 160, 161, 162, 163, 164, 165, 166, 167, 168]
  Groupe négatif (reads0): 76 éléments
    Indices: [0, 1, 2, 3, 4, 5, 6, 7, 8, 9, 10, 11, 19, 20, 21, 26, 27, 28, 29, 30, 31, 32, 40, 41, 44, 45, 48, 49, 51, 52, 54, 55, 59, 60, 62, 63, 65, 66, 67, 68, 69, 71, 72, 73, 75, 78, 80, 81, 84, 85, 86, 87, 88, 89, 90, 91, 92, 94, 99, 100, 102, 105, 107, 108, 109, 111, 112, 113, 114, 115, 117, 118, 119, 122, 123, 124]
  Colonnes concernées: 5 éléments
    Indices: [0, 5, 31, 32, 172]
  Ratio: 93:76 (positif:négatif)

----------------------------------------

STEP 2:
  Groupe positif (reads1): 121 éléments
    Indices: [0, 1, 2, 3, 4, 5, 6, 7, 8, 9, 10, 11, 19, 20, 21, 26, 27, 28, 29, 30, 31, 32, 40, 41, 44, 45, 48, 49, 51, 52, 54, 55, 59, 60, 62, 63, 65, 66, 67, 68, 69, 71, 72, 73, 75, 78, 80, 81, 84, 85, 86, 87, 88, 89, 90, 91, 92, 94, 96, 99, 100, 102, 105, 107, 108, 109, 111, 112, 113, 114, 115, 117, 118, 119, 122, 123, 124, 125, 126, 127, 128, 129, 130, 131, 132, 133, 134, 135, 136, 137, 138, 139, 140, 141, 142, 143, 144, 145, 146, 147, 148, 149, 150, 151, 152, 153, 154, 155, 156, 157, 158, 159, 160, 161, 162, 163, 164, 165, 166, 167, 168]
  Groupe négatif (reads0): 48 éléments
    Indices: [12, 13, 14, 15, 16, 17, 18, 22, 23, 24, 25, 33, 34, 35, 36, 37, 38, 39, 42, 43, 46, 47, 50, 53, 56, 57, 58, 61, 64, 70, 74, 76, 77, 79, 82, 83, 93, 95, 97, 98, 101, 103, 104, 106, 110, 116, 120, 121]
  Colonnes concernées: 4 éléments
    Indices: [18, 19, 57, 58]
  Ratio: 121:48 (positif:négatif)

----------------------------------------

STEP 3:
  Groupe positif (reads1): 120 éléments
    Indices: [0, 1, 2, 3, 4, 5, 6, 7, 8, 9, 10, 11, 19, 20, 21, 26, 27, 28, 29, 30, 31, 32, 40, 41, 44, 45, 48, 49, 51, 52, 54, 55, 59, 60, 62, 63, 65, 66, 67, 68, 69, 71, 72, 73, 75, 78, 80, 81, 84, 85, 86, 87, 88, 89, 90, 91, 92, 94, 99, 100, 102, 105, 107, 108, 109, 111, 112, 113, 114, 115, 117, 118, 119, 122, 123, 124, 125, 126, 127, 128, 129, 130, 131, 132, 133, 134, 135, 136, 137, 138, 139, 140, 141, 142, 143, 144, 145, 146, 147, 148, 149, 150, 151, 152, 153, 154, 155, 156, 157, 158, 159, 160, 161, 162, 163, 164, 165, 166, 167, 168]
  Groupe négatif (reads0): 49 éléments
    Indices: [12, 13, 14, 15, 16, 17, 18, 22, 23, 24, 25, 33, 34, 35, 36, 37, 38, 39, 42, 43, 46, 47, 50, 53, 56, 57, 58, 61, 64, 70, 74, 76, 77, 79, 82, 83, 93, 95, 96, 97, 98, 101, 103, 104, 106, 110, 116, 120, 121]
  Colonnes concernées: 8 éléments
    Indices: [34, 45, 56, 76, 78, 87, 113, 123]
  Ratio: 120:49 (positif:négatif)

----------------------------------------

STEP 4:
  Groupe positif (reads1): 33 éléments
    Indices: [11, 19, 20, 21, 26, 27, 28, 29, 30, 31, 32, 40, 44, 48, 49, 52, 54, 55, 62, 63, 69, 71, 72, 73, 75, 81, 92, 94, 107, 109, 113, 119, 124]
  Groupe négatif (reads0): 136 éléments
    Indices: [0, 1, 2, 3, 4, 5, 6, 7, 8, 9, 10, 12, 13, 14, 15, 16, 17, 18, 22, 23, 24, 25, 33, 34, 35, 36, 37, 38, 39, 41, 42, 43, 45, 46, 47, 50, 51, 53, 56, 57, 58, 59, 60, 61, 64, 65, 66, 67, 68, 70, 74, 76, 77, 78, 79, 80, 82, 83, 84, 85, 86, 87, 88, 89, 90, 91, 93, 95, 96, 97, 98, 99, 100, 101, 102, 103, 104, 105, 106, 108, 110, 111, 112, 114, 115, 116, 117, 118, 120, 121, 122, 123, 125, 126, 127, 128, 129, 130, 131, 132, 133, 134, 135, 136, 137, 138, 139, 140, 141, 142, 143, 144, 145, 146, 147, 148, 149, 150, 151, 152, 153, 154, 155, 156, 157, 158, 159, 160, 161, 162, 163, 164, 165, 166, 167, 168]
  Colonnes concernées: 6 éléments
    Indices: [4, 6, 37, 71, 83, 140]
  Ratio: 33:136 (positif:négatif)

----------------------------------------

STEP 5:
  Groupe positif (reads1): 76 éléments
    Indices: [0, 1, 2, 3, 4, 5, 6, 7, 8, 9, 10, 11, 19, 20, 21, 26, 27, 28, 29, 30, 31, 32, 40, 41, 44, 45, 48, 49, 51, 52, 54, 55, 59, 60, 62, 63, 65, 66, 67, 68, 69, 71, 72, 73, 75, 78, 80, 81, 84, 85, 86, 87, 88, 89, 90, 91, 92, 94, 99, 100, 102, 105, 107, 108, 109, 111, 112, 113, 114, 115, 117, 118, 119, 122, 123, 124]
  Groupe négatif (reads0): 93 éléments
    Indices: [12, 13, 14, 15, 16, 17, 18, 22, 23, 24, 25, 33, 34, 35, 36, 37, 38, 39, 42, 43, 46, 47, 50, 53, 56, 57, 58, 61, 64, 70, 74, 76, 77, 79, 82, 83, 93, 95, 96, 97, 98, 101, 103, 104, 106, 110, 116, 120, 121, 125, 126, 127, 128, 129, 130, 131, 132, 133, 134, 135, 136, 137, 138, 139, 140, 141, 142, 143, 144, 145, 146, 147, 148, 149, 150, 151, 152, 153, 154, 155, 156, 157, 158, 159, 160, 161, 162, 163, 164, 165, 166, 167, 168]
  Colonnes concernées: 20 éléments
    Indices: [21, 25, 38, 65, 73, 120, 122, 124, 125, 128, 129, 131, 141, 143, 145, 156, 166, 168, 169, 171]
  Ratio: 76:93 (positif:négatif)

----------------------------------------

STEP 6:
  Groupe positif (reads1): 77 éléments
    Indices: [0, 1, 2, 3, 4, 5, 6, 7, 8, 9, 10, 11, 19, 20, 21, 26, 27, 28, 29, 30, 31, 32, 40, 41, 44, 45, 48, 49, 51, 52, 54, 55, 59, 60, 62, 63, 65, 66, 67, 68, 69, 71, 72, 73, 75, 78, 80, 81, 84, 85, 86, 87, 88, 89, 90, 91, 92, 94, 99, 100, 102, 105, 107, 108, 109, 111, 112, 113, 114, 115, 117, 118, 119, 122, 123, 124, 162]
  Groupe négatif (reads0): 92 éléments
    Indices: [12, 13, 14, 15, 16, 17, 18, 22, 23, 24, 25, 33, 34, 35, 36, 37, 38, 39, 42, 43, 46, 47, 50, 53, 56, 57, 58, 61, 64, 70, 74, 76, 77, 79, 82, 83, 93, 95, 96, 97, 98, 101, 103, 104, 106, 110, 116, 120, 121, 125, 126, 127, 128, 129, 130, 131, 132, 133, 134, 135, 136, 137, 138, 139, 140, 141, 142, 143, 144, 145, 146, 147, 148, 149, 150, 151, 152, 153, 154, 155, 156, 157, 158, 159, 160, 161, 163, 164, 165, 166, 167, 168]
  Colonnes concernées: 4 éléments
    Indices: [74, 94, 135, 136]
  Ratio: 77:92 (positif:négatif)

----------------------------------------

STEP 7:
  Groupe positif (reads1): 94 éléments
    Indices: [7, 12, 13, 14, 15, 16, 17, 18, 22, 23, 24, 25, 33, 34, 35, 36, 37, 38, 39, 42, 43, 46, 47, 50, 53, 56, 57, 58, 61, 64, 70, 74, 76, 77, 79, 82, 83, 93, 95, 96, 97, 98, 101, 103, 104, 106, 110, 116, 120, 121, 125, 126, 127, 128, 129, 130, 131, 132, 133, 134, 135, 136, 137, 138, 139, 140, 141, 142, 143, 144, 145, 146, 147, 148, 149, 150, 151, 152, 153, 154, 155, 156, 157, 158, 159, 160, 161, 162, 163, 164, 165, 166, 167, 168]
  Groupe négatif (reads0): 75 éléments
    Indices: [0, 1, 2, 3, 4, 5, 6, 8, 9, 10, 11, 19, 20, 21, 26, 27, 28, 29, 30, 31, 32, 40, 41, 44, 45, 48, 49, 51, 52, 54, 55, 59, 60, 62, 63, 65, 66, 67, 68, 69, 71, 72, 73, 75, 78, 80, 81, 84, 85, 86, 87, 88, 89, 90, 91, 92, 94, 99, 100, 102, 105, 107, 108, 109, 111, 112, 113, 114, 115, 117, 118, 119, 122, 123, 124]
  Colonnes concernées: 4 éléments
    Indices: [86, 121, 162, 164]
  Ratio: 94:75 (positif:négatif)

----------------------------------------

STEP 8:
  Groupe positif (reads1): 125 éléments
    Indices: [0, 1, 2, 3, 4, 5, 6, 7, 8, 9, 10, 11, 12, 13, 14, 15, 16, 17, 18, 19, 20, 21, 22, 23, 24, 25, 26, 27, 28, 29, 30, 31, 32, 33, 34, 35, 36, 37, 38, 39, 40, 41, 42, 43, 44, 45, 46, 47, 48, 49, 50, 51, 52, 53, 54, 55, 56, 57, 58, 59, 60, 61, 62, 63, 64, 65, 66, 67, 68, 69, 70, 71, 72, 73, 74, 75, 76, 77, 78, 79, 80, 81, 82, 83, 84, 85, 86, 87, 88, 89, 90, 91, 92, 93, 94, 95, 96, 97, 98, 99, 100, 101, 102, 103, 104, 105, 106, 107, 108, 109, 110, 111, 112, 113, 114, 115, 116, 117, 118, 119, 120, 121, 122, 123, 124]
  Groupe négatif (reads0): 44 éléments
    Indices: [125, 126, 127, 128, 129, 130, 131, 132, 133, 134, 135, 136, 137, 138, 139, 140, 141, 142, 143, 144, 145, 146, 147, 148, 149, 150, 151, 152, 153, 154, 155, 156, 157, 158, 159, 160, 161, 162, 163, 164, 165, 166, 167, 168]
  Colonnes concernées: 8 éléments
    Indices: [50, 51, 63, 68, 72, 105, 111, 170]
  Ratio: 125:44 (positif:négatif)

----------------------------------------

