=== CLUSTERING STEPS POUR matrix_edge_2_139580_144580.csv ===
Nombre d'haplotypes: 4
Timestamp: 2025-06-06T15:36:12.732522
Nombre total de steps: 8

============================================================

STEP 1:
  Groupe positif (reads1): 214 éléments
    Indices: [0, 1, 2, 3, 4, 5, 6, 7, 8, 9, 10, 11, 12, 13, 14, 15, 16, 17, 18, 19, 20, 21, 22, 23, 24, 25, 26, 27, 28, 29, 30, 31, 32, 33, 34, 35, 36, 46, 47, 48, 49, 51, 53, 54, 56, 57, 58, 60, 61, 65, 66, 67, 68, 69, 70, 71, 74, 75, 79, 81, 82, 83, 87, 89, 90, 91, 92, 93, 94, 95, 96, 97, 98, 99, 100, 101, 103, 104, 105, 107, 109, 110, 111, 114, 116, 117, 118, 119, 122, 123, 124, 127, 130, 132, 134, 135, 136, 139, 140, 141, 142, 143, 145, 148, 149, 150, 151, 152, 154, 157, 159, 160, 162, 165, 168, 170, 171, 173, 178, 180, 181, 182, 183, 186, 188, 192, 193, 194, 195, 196, 197, 198, 199, 200, 201, 202, 203, 204, 205, 206, 216, 217, 218, 219, 220, 223, 224, 225, 226, 227, 228, 229, 230, 232, 234, 235, 236, 237, 239, 240, 241, 242, 246, 247, 248, 249, 250, 251, 256, 257, 258, 260, 262, 263, 264, 265, 266, 267, 268, 274, 277, 278, 281, 283, 284, 285, 287, 288, 289, 290, 292, 294, 296, 297, 298, 299, 300, 302, 304, 305, 306, 307, 309, 310, 312, 313, 314, 316, 318, 319, 322, 323, 326, 327]
  Groupe négatif (reads0): 114 éléments
    Indices: [37, 38, 39, 40, 41, 42, 43, 44, 45, 50, 52, 55, 59, 62, 63, 64, 72, 73, 76, 77, 78, 80, 84, 85, 86, 88, 102, 106, 108, 112, 113, 115, 120, 121, 125, 126, 128, 129, 131, 133, 137, 138, 144, 146, 147, 153, 155, 156, 158, 161, 163, 164, 166, 167, 169, 172, 174, 175, 176, 177, 179, 184, 185, 187, 189, 190, 191, 207, 208, 209, 210, 211, 212, 213, 214, 215, 221, 222, 231, 233, 238, 243, 244, 245, 252, 253, 254, 255, 259, 261, 269, 270, 271, 272, 273, 275, 276, 279, 280, 282, 286, 291, 293, 295, 301, 303, 308, 311, 315, 317, 320, 321, 324, 325]
  Colonnes concernées: 14 éléments
    Indices: [2, 54, 59, 98, 99, 101, 110, 113, 114, 116, 124, 125, 126, 128]
  Ratio: 214:114 (positif:négatif)

----------------------------------------

STEP 2:
  Groupe positif (reads1): 292 éléments
    Indices: [0, 1, 2, 3, 4, 5, 6, 7, 8, 9, 10, 11, 12, 13, 14, 15, 16, 17, 18, 19, 20, 21, 22, 23, 24, 25, 26, 27, 28, 29, 30, 31, 32, 33, 34, 35, 36, 37, 38, 39, 41, 42, 43, 44, 45, 46, 47, 48, 49, 50, 51, 52, 53, 54, 56, 57, 58, 59, 60, 61, 63, 65, 66, 67, 68, 69, 70, 71, 72, 74, 75, 76, 78, 79, 81, 82, 83, 84, 85, 87, 88, 89, 90, 91, 92, 93, 94, 95, 96, 97, 98, 99, 100, 101, 102, 103, 104, 105, 106, 107, 108, 109, 110, 111, 114, 115, 116, 117, 118, 119, 120, 121, 122, 123, 124, 127, 128, 129, 130, 131, 132, 134, 135, 136, 137, 138, 139, 140, 141, 142, 143, 145, 146, 148, 149, 150, 151, 152, 153, 154, 156, 157, 158, 159, 160, 161, 162, 164, 165, 166, 168, 169, 170, 171, 172, 173, 174, 175, 176, 177, 178, 179, 180, 181, 182, 183, 184, 185, 186, 188, 190, 191, 192, 193, 194, 195, 196, 197, 198, 199, 200, 201, 202, 203, 204, 205, 206, 207, 208, 209, 210, 211, 212, 213, 214, 216, 217, 218, 219, 220, 222, 223, 224, 225, 226, 227, 228, 229, 230, 231, 232, 233, 234, 235, 236, 237, 239, 240, 241, 242, 246, 247, 248, 249, 250, 251, 252, 253, 254, 256, 257, 258, 260, 262, 263, 264, 265, 266, 267, 268, 271, 272, 273, 274, 275, 276, 277, 278, 279, 280, 281, 282, 283, 284, 285, 286, 287, 288, 289, 290, 291, 292, 293, 294, 295, 296, 297, 298, 299, 300, 301, 302, 303, 304, 305, 306, 307, 308, 309, 310, 312, 313, 314, 316, 317, 318, 319, 320, 322, 323, 326, 327]
  Groupe négatif (reads0): 36 éléments
    Indices: [40, 55, 62, 64, 73, 77, 80, 86, 112, 113, 125, 126, 133, 144, 147, 155, 163, 167, 187, 189, 215, 221, 238, 243, 244, 245, 255, 259, 261, 269, 270, 311, 315, 321, 324, 325]
  Colonnes concernées: 4 éléments
    Indices: [4, 6, 68, 71]
  Ratio: 292:36 (positif:négatif)

----------------------------------------

STEP 3:
  Groupe positif (reads1): 37 éléments
    Indices: [2, 5, 15, 17, 21, 51, 67, 75, 90, 104, 117, 122, 132, 142, 143, 145, 154, 157, 162, 170, 195, 197, 216, 220, 226, 227, 229, 235, 241, 248, 256, 263, 274, 283, 297, 306, 322]
  Groupe négatif (reads0): 291 éléments
    Indices: [0, 1, 3, 4, 6, 7, 8, 9, 10, 11, 12, 13, 14, 16, 18, 19, 20, 22, 23, 24, 25, 26, 27, 28, 29, 30, 31, 32, 33, 34, 35, 36, 37, 38, 39, 40, 41, 42, 43, 44, 45, 46, 47, 48, 49, 50, 52, 53, 54, 55, 56, 57, 58, 59, 60, 61, 62, 63, 64, 65, 66, 68, 69, 70, 71, 72, 73, 74, 76, 77, 78, 79, 80, 81, 82, 83, 84, 85, 86, 87, 88, 89, 91, 92, 93, 94, 95, 96, 97, 98, 99, 100, 101, 102, 103, 105, 106, 107, 108, 109, 110, 111, 112, 113, 114, 115, 116, 118, 119, 120, 121, 123, 124, 125, 126, 127, 128, 129, 130, 131, 133, 134, 135, 136, 137, 138, 139, 140, 141, 144, 146, 147, 148, 149, 150, 151, 152, 153, 155, 156, 158, 159, 160, 161, 163, 164, 165, 166, 167, 168, 169, 171, 172, 173, 174, 175, 176, 177, 178, 179, 180, 181, 182, 183, 184, 185, 186, 187, 188, 189, 190, 191, 192, 193, 194, 196, 198, 199, 200, 201, 202, 203, 204, 205, 206, 207, 208, 209, 210, 211, 212, 213, 214, 215, 217, 218, 219, 221, 222, 223, 224, 225, 228, 230, 231, 232, 233, 234, 236, 237, 238, 239, 240, 242, 243, 244, 245, 246, 247, 249, 250, 251, 252, 253, 254, 255, 257, 258, 259, 260, 261, 262, 264, 265, 266, 267, 268, 269, 270, 271, 272, 273, 275, 276, 277, 278, 279, 280, 281, 282, 284, 285, 286, 287, 288, 289, 290, 291, 292, 293, 294, 295, 296, 298, 299, 300, 301, 302, 303, 304, 305, 307, 308, 309, 310, 311, 312, 313, 314, 315, 316, 317, 318, 319, 320, 321, 323, 324, 325, 326, 327]
  Colonnes concernées: 4 éléments
    Indices: [7, 32, 60, 129]
  Ratio: 37:291 (positif:négatif)

----------------------------------------

STEP 4:
  Groupe positif (reads1): 287 éléments
    Indices: [0, 1, 2, 3, 4, 5, 10, 11, 12, 13, 14, 15, 16, 17, 18, 19, 20, 21, 22, 24, 25, 26, 27, 28, 29, 30, 31, 32, 33, 34, 35, 36, 37, 38, 39, 40, 41, 42, 43, 44, 45, 46, 47, 50, 51, 52, 53, 55, 56, 57, 58, 59, 60, 61, 62, 63, 64, 67, 68, 69, 70, 71, 72, 73, 74, 75, 76, 77, 78, 79, 80, 83, 84, 85, 86, 87, 88, 89, 90, 93, 94, 95, 96, 97, 101, 102, 104, 105, 106, 107, 108, 110, 111, 112, 113, 114, 115, 116, 117, 118, 120, 121, 122, 123, 125, 126, 128, 129, 130, 131, 132, 133, 134, 135, 136, 137, 138, 139, 141, 142, 143, 144, 145, 146, 147, 148, 149, 150, 151, 152, 153, 154, 155, 156, 157, 158, 160, 161, 162, 163, 164, 165, 166, 167, 168, 169, 170, 171, 172, 173, 174, 175, 176, 177, 179, 180, 181, 182, 183, 184, 185, 186, 187, 188, 189, 190, 191, 194, 195, 197, 198, 199, 200, 201, 202, 203, 204, 205, 206, 207, 208, 209, 210, 211, 212, 213, 214, 215, 216, 217, 219, 220, 221, 222, 223, 224, 225, 226, 227, 229, 231, 233, 234, 235, 236, 237, 238, 239, 240, 241, 242, 243, 244, 245, 246, 247, 248, 250, 251, 252, 253, 254, 255, 256, 257, 259, 260, 261, 262, 263, 264, 265, 266, 267, 268, 269, 270, 271, 272, 273, 274, 275, 276, 277, 278, 279, 280, 282, 283, 284, 286, 289, 290, 291, 292, 293, 294, 295, 296, 297, 298, 299, 300, 301, 302, 303, 304, 305, 306, 307, 308, 309, 310, 311, 312, 315, 316, 317, 319, 320, 321, 322, 323, 324, 325, 326, 327]
  Groupe négatif (reads0): 41 éléments
    Indices: [6, 7, 8, 9, 23, 48, 49, 54, 65, 66, 81, 82, 91, 92, 98, 99, 100, 103, 109, 119, 124, 127, 140, 159, 178, 192, 193, 196, 218, 228, 230, 232, 249, 258, 281, 285, 287, 288, 313, 314, 318]
  Colonnes concernées: 9 éléments
    Indices: [12, 17, 48, 75, 83, 86, 90, 102, 138]
  Ratio: 287:41 (positif:négatif)

----------------------------------------

STEP 5:
  Groupe positif (reads1): 47 éléments
    Indices: [0, 1, 3, 4, 10, 11, 12, 13, 14, 16, 18, 19, 58, 61, 71, 95, 101, 111, 135, 136, 139, 150, 160, 168, 171, 180, 183, 186, 194, 198, 219, 225, 234, 240, 247, 250, 262, 277, 278, 284, 289, 298, 304, 305, 307, 316, 323]
  Groupe négatif (reads0): 281 éléments
    Indices: [2, 5, 6, 7, 8, 9, 15, 17, 20, 21, 22, 23, 24, 25, 26, 27, 28, 29, 30, 31, 32, 33, 34, 35, 36, 37, 38, 39, 40, 41, 42, 43, 44, 45, 46, 47, 48, 49, 50, 51, 52, 53, 54, 55, 56, 57, 59, 60, 62, 63, 64, 65, 66, 67, 68, 69, 70, 72, 73, 74, 75, 76, 77, 78, 79, 80, 81, 82, 83, 84, 85, 86, 87, 88, 89, 90, 91, 92, 93, 94, 96, 97, 98, 99, 100, 102, 103, 104, 105, 106, 107, 108, 109, 110, 112, 113, 114, 115, 116, 117, 118, 119, 120, 121, 122, 123, 124, 125, 126, 127, 128, 129, 130, 131, 132, 133, 134, 137, 138, 140, 141, 142, 143, 144, 145, 146, 147, 148, 149, 151, 152, 153, 154, 155, 156, 157, 158, 159, 161, 162, 163, 164, 165, 166, 167, 169, 170, 172, 173, 174, 175, 176, 177, 178, 179, 181, 182, 184, 185, 187, 188, 189, 190, 191, 192, 193, 195, 196, 197, 199, 200, 201, 202, 203, 204, 205, 206, 207, 208, 209, 210, 211, 212, 213, 214, 215, 216, 217, 218, 220, 221, 222, 223, 224, 226, 227, 228, 229, 230, 231, 232, 233, 235, 236, 237, 238, 239, 241, 242, 243, 244, 245, 246, 248, 249, 251, 252, 253, 254, 255, 256, 257, 258, 259, 260, 261, 263, 264, 265, 266, 267, 268, 269, 270, 271, 272, 273, 274, 275, 276, 279, 280, 281, 282, 283, 285, 286, 287, 288, 290, 291, 292, 293, 294, 295, 296, 297, 299, 300, 301, 302, 303, 306, 308, 309, 310, 311, 312, 313, 314, 315, 317, 318, 319, 320, 321, 322, 324, 325, 326, 327]
  Colonnes concernées: 7 éléments
    Indices: [5, 21, 27, 72, 85, 89, 119]
  Ratio: 47:281 (positif:négatif)

----------------------------------------

STEP 6:
  Groupe positif (reads1): 240 éléments
    Indices: [2, 5, 15, 17, 20, 21, 22, 24, 25, 26, 27, 28, 29, 30, 31, 32, 33, 34, 35, 36, 37, 38, 39, 40, 41, 42, 43, 44, 45, 46, 47, 50, 51, 52, 53, 55, 56, 57, 59, 60, 62, 63, 64, 67, 68, 69, 70, 72, 73, 74, 75, 76, 77, 78, 79, 80, 83, 84, 85, 86, 87, 88, 89, 90, 93, 94, 96, 97, 102, 104, 105, 106, 107, 108, 110, 112, 113, 114, 115, 116, 117, 118, 120, 121, 122, 123, 125, 126, 128, 129, 130, 131, 132, 133, 134, 137, 138, 141, 142, 143, 144, 145, 146, 147, 148, 149, 151, 152, 153, 154, 155, 156, 157, 158, 161, 162, 163, 164, 165, 166, 167, 169, 170, 172, 173, 174, 175, 176, 177, 179, 181, 182, 184, 185, 187, 188, 189, 190, 191, 195, 197, 199, 200, 201, 202, 203, 204, 205, 206, 207, 208, 209, 210, 211, 212, 213, 214, 215, 216, 217, 220, 221, 222, 223, 224, 226, 227, 229, 231, 233, 235, 236, 237, 238, 239, 241, 242, 243, 244, 245, 246, 248, 251, 252, 253, 254, 255, 256, 257, 259, 260, 261, 263, 264, 265, 266, 267, 268, 269, 270, 271, 272, 273, 274, 275, 276, 279, 280, 282, 283, 286, 290, 291, 292, 293, 294, 295, 296, 297, 299, 300, 301, 302, 303, 306, 308, 309, 310, 311, 312, 315, 317, 319, 320, 321, 322, 324, 325, 326, 327]
  Groupe négatif (reads0): 88 éléments
    Indices: [0, 1, 3, 4, 6, 7, 8, 9, 10, 11, 12, 13, 14, 16, 18, 19, 23, 48, 49, 54, 58, 61, 65, 66, 71, 81, 82, 91, 92, 95, 98, 99, 100, 101, 103, 109, 111, 119, 124, 127, 135, 136, 139, 140, 150, 159, 160, 168, 171, 178, 180, 183, 186, 192, 193, 194, 196, 198, 218, 219, 225, 228, 230, 232, 234, 240, 247, 249, 250, 258, 262, 277, 278, 281, 284, 285, 287, 288, 289, 298, 304, 305, 307, 313, 314, 316, 318, 323]
  Colonnes concernées: 8 éléments
    Indices: [29, 30, 33, 35, 39, 65, 84, 94]
  Ratio: 240:88 (positif:négatif)

----------------------------------------

STEP 7:
  Groupe positif (reads1): 251 éléments
    Indices: [0, 1, 2, 3, 4, 5, 6, 7, 8, 9, 10, 11, 12, 13, 14, 15, 16, 17, 18, 19, 20, 21, 22, 23, 24, 25, 26, 27, 28, 29, 30, 31, 32, 33, 34, 35, 36, 40, 46, 47, 48, 49, 51, 53, 54, 55, 56, 57, 58, 60, 61, 62, 64, 65, 66, 67, 68, 69, 70, 71, 73, 74, 75, 77, 79, 80, 81, 82, 83, 86, 87, 89, 90, 91, 92, 93, 94, 95, 96, 97, 98, 99, 100, 101, 103, 104, 105, 107, 109, 110, 111, 112, 113, 114, 116, 117, 118, 119, 122, 123, 124, 125, 126, 127, 130, 132, 133, 134, 135, 136, 139, 140, 141, 142, 143, 144, 145, 147, 148, 149, 150, 151, 152, 154, 155, 157, 159, 160, 162, 163, 165, 167, 168, 170, 171, 173, 178, 180, 181, 182, 183, 186, 187, 188, 189, 191, 192, 193, 194, 195, 196, 197, 198, 199, 200, 201, 202, 203, 204, 205, 206, 215, 216, 217, 218, 219, 220, 221, 223, 224, 225, 226, 227, 228, 229, 230, 232, 234, 235, 236, 237, 238, 239, 240, 241, 242, 243, 244, 245, 246, 247, 248, 249, 250, 251, 255, 256, 257, 258, 259, 260, 261, 262, 263, 264, 265, 266, 267, 268, 269, 270, 274, 277, 278, 281, 283, 284, 285, 287, 288, 289, 290, 292, 294, 296, 297, 298, 299, 300, 302, 304, 305, 306, 307, 309, 310, 311, 312, 313, 314, 315, 316, 318, 319, 321, 322, 323, 324, 325, 326, 327]
  Groupe négatif (reads0): 77 éléments
    Indices: [37, 38, 39, 41, 42, 43, 44, 45, 50, 52, 59, 63, 72, 76, 78, 84, 85, 88, 102, 106, 108, 115, 120, 121, 128, 129, 131, 137, 138, 146, 153, 156, 158, 161, 164, 166, 169, 172, 174, 175, 176, 177, 179, 184, 185, 190, 207, 208, 209, 210, 211, 212, 213, 214, 222, 231, 233, 252, 253, 254, 271, 272, 273, 275, 276, 279, 280, 282, 286, 291, 293, 295, 301, 303, 308, 317, 320]
  Colonnes concernées: 5 éléments
    Indices: [15, 52, 53, 57, 74]
  Ratio: 251:77 (positif:négatif)

----------------------------------------

STEP 8:
  Groupe positif (reads1): 202 éléments
    Indices: [0, 1, 3, 4, 6, 7, 8, 9, 10, 11, 12, 13, 14, 16, 18, 19, 23, 37, 38, 39, 40, 41, 42, 43, 44, 45, 48, 49, 50, 52, 54, 55, 58, 59, 61, 62, 63, 64, 65, 66, 71, 72, 73, 76, 77, 78, 80, 81, 82, 84, 85, 86, 88, 91, 92, 95, 98, 99, 100, 101, 102, 103, 106, 108, 109, 111, 112, 113, 115, 119, 120, 121, 124, 125, 126, 127, 128, 129, 131, 133, 135, 136, 137, 138, 139, 140, 144, 146, 147, 150, 153, 155, 156, 158, 159, 160, 161, 163, 164, 166, 167, 168, 169, 171, 172, 174, 175, 176, 177, 178, 179, 180, 183, 184, 185, 186, 187, 189, 190, 191, 192, 193, 194, 196, 198, 207, 208, 209, 210, 211, 212, 213, 214, 215, 218, 219, 221, 222, 225, 228, 230, 231, 232, 233, 234, 238, 240, 243, 244, 245, 247, 249, 250, 252, 253, 254, 255, 258, 259, 261, 262, 269, 270, 271, 272, 273, 275, 276, 277, 278, 279, 280, 281, 282, 284, 285, 286, 287, 288, 289, 291, 293, 295, 298, 301, 303, 304, 305, 307, 308, 311, 313, 314, 315, 316, 317, 318, 320, 321, 323, 324, 325]
  Groupe négatif (reads0): 126 éléments
    Indices: [2, 5, 15, 17, 20, 21, 22, 24, 25, 26, 27, 28, 29, 30, 31, 32, 33, 34, 35, 36, 46, 47, 51, 53, 56, 57, 60, 67, 68, 69, 70, 74, 75, 79, 83, 87, 89, 90, 93, 94, 96, 97, 104, 105, 107, 110, 114, 116, 117, 118, 122, 123, 130, 132, 134, 141, 142, 143, 145, 148, 149, 151, 152, 154, 157, 162, 165, 170, 173, 181, 182, 188, 195, 197, 199, 200, 201, 202, 203, 204, 205, 206, 216, 217, 220, 223, 224, 226, 227, 229, 235, 236, 237, 239, 241, 242, 246, 248, 251, 256, 257, 260, 263, 264, 265, 266, 267, 268, 274, 283, 290, 292, 294, 296, 297, 299, 300, 302, 306, 309, 310, 312, 319, 322, 326, 327]
  Colonnes concernées: 4 éléments
    Indices: [18, 19, 23, 93]
  Ratio: 202:126 (positif:négatif)

----------------------------------------

