=== CLUSTERING STEPS POUR matrix_edge_10_78819_83819.csv ===
Nombre d'haplotypes: 4
Timestamp: 2025-06-06T15:36:43.260172
Nombre total de steps: 12

============================================================

STEP 1:
  Groupe positif (reads1): 1 éléments
    Indices: [33]
  Groupe négatif (reads0): 67 éléments
    Indices: [0, 1, 2, 3, 4, 5, 6, 7, 8, 9, 10, 11, 12, 13, 14, 15, 16, 17, 18, 19, 20, 21, 22, 23, 24, 25, 26, 27, 28, 29, 30, 31, 32, 34, 35, 36, 37, 38, 39, 40, 41, 42, 43, 44, 45, 46, 47, 48, 49, 50, 51, 52, 53, 54, 55, 56, 57, 58, 59, 60, 61, 62, 63, 64, 65, 66, 67]
  Colonnes concernées: 12 éléments
    Indices: [1, 10, 11, 25, 35, 37, 73, 129, 172, 176, 239, 243]
  Ratio: 1:67 (positif:négatif)

----------------------------------------

STEP 2:
  Groupe positif (reads1): 1 éléments
    Indices: [4]
  Groupe négatif (reads0): 67 éléments
    Indices: [0, 1, 2, 3, 5, 6, 7, 8, 9, 10, 11, 12, 13, 14, 15, 16, 17, 18, 19, 20, 21, 22, 23, 24, 25, 26, 27, 28, 29, 30, 31, 32, 33, 34, 35, 36, 37, 38, 39, 40, 41, 42, 43, 44, 45, 46, 47, 48, 49, 50, 51, 52, 53, 54, 55, 56, 57, 58, 59, 60, 61, 62, 63, 64, 65, 66, 67]
  Colonnes concernées: 4 éléments
    Indices: [3, 14, 38, 173]
  Ratio: 1:67 (positif:négatif)

----------------------------------------

STEP 3:
  Groupe positif (reads1): 1 éléments
    Indices: [45]
  Groupe négatif (reads0): 67 éléments
    Indices: [0, 1, 2, 3, 4, 5, 6, 7, 8, 9, 10, 11, 12, 13, 14, 15, 16, 17, 18, 19, 20, 21, 22, 23, 24, 25, 26, 27, 28, 29, 30, 31, 32, 33, 34, 35, 36, 37, 38, 39, 40, 41, 42, 43, 44, 46, 47, 48, 49, 50, 51, 52, 53, 54, 55, 56, 57, 58, 59, 60, 61, 62, 63, 64, 65, 66, 67]
  Colonnes concernées: 3 éléments
    Indices: [6, 9, 64]
  Ratio: 1:67 (positif:négatif)

----------------------------------------

STEP 4:
  Groupe positif (reads1): 1 éléments
    Indices: [35]
  Groupe négatif (reads0): 67 éléments
    Indices: [0, 1, 2, 3, 4, 5, 6, 7, 8, 9, 10, 11, 12, 13, 14, 15, 16, 17, 18, 19, 20, 21, 22, 23, 24, 25, 26, 27, 28, 29, 30, 31, 32, 33, 34, 36, 37, 38, 39, 40, 41, 42, 43, 44, 45, 46, 47, 48, 49, 50, 51, 52, 53, 54, 55, 56, 57, 58, 59, 60, 61, 62, 63, 64, 65, 66, 67]
  Colonnes concernées: 4 éléments
    Indices: [13, 24, 74, 220]
  Ratio: 1:67 (positif:négatif)

----------------------------------------

STEP 5:
  Groupe positif (reads1): 1 éléments
    Indices: [50]
  Groupe négatif (reads0): 67 éléments
    Indices: [0, 1, 2, 3, 4, 5, 6, 7, 8, 9, 10, 11, 12, 13, 14, 15, 16, 17, 18, 19, 20, 21, 22, 23, 24, 25, 26, 27, 28, 29, 30, 31, 32, 33, 34, 35, 36, 37, 38, 39, 40, 41, 42, 43, 44, 45, 46, 47, 48, 49, 51, 52, 53, 54, 55, 56, 57, 58, 59, 60, 61, 62, 63, 64, 65, 66, 67]
  Colonnes concernées: 4 éléments
    Indices: [28, 32, 89, 207]
  Ratio: 1:67 (positif:négatif)

----------------------------------------

STEP 6:
  Groupe positif (reads1): 1 éléments
    Indices: [10]
  Groupe négatif (reads0): 67 éléments
    Indices: [0, 1, 2, 3, 4, 5, 6, 7, 8, 9, 11, 12, 13, 14, 15, 16, 17, 18, 19, 20, 21, 22, 23, 24, 25, 26, 27, 28, 29, 30, 31, 32, 33, 34, 35, 36, 37, 38, 39, 40, 41, 42, 43, 44, 45, 46, 47, 48, 49, 50, 51, 52, 53, 54, 55, 56, 57, 58, 59, 60, 61, 62, 63, 64, 65, 66, 67]
  Colonnes concernées: 3 éléments
    Indices: [30, 34, 113]
  Ratio: 1:67 (positif:négatif)

----------------------------------------

STEP 7:
  Groupe positif (reads1): 1 éléments
    Indices: [14]
  Groupe négatif (reads0): 67 éléments
    Indices: [0, 1, 2, 3, 4, 5, 6, 7, 8, 9, 10, 11, 12, 13, 15, 16, 17, 18, 19, 20, 21, 22, 23, 24, 25, 26, 27, 28, 29, 30, 31, 32, 33, 34, 35, 36, 37, 38, 39, 40, 41, 42, 43, 44, 45, 46, 47, 48, 49, 50, 51, 52, 53, 54, 55, 56, 57, 58, 59, 60, 61, 62, 63, 64, 65, 66, 67]
  Colonnes concernées: 3 éléments
    Indices: [48, 136, 246]
  Ratio: 1:67 (positif:négatif)

----------------------------------------

STEP 8:
  Groupe positif (reads1): 1 éléments
    Indices: [63]
  Groupe négatif (reads0): 67 éléments
    Indices: [0, 1, 2, 3, 4, 5, 6, 7, 8, 9, 10, 11, 12, 13, 14, 15, 16, 17, 18, 19, 20, 21, 22, 23, 24, 25, 26, 27, 28, 29, 30, 31, 32, 33, 34, 35, 36, 37, 38, 39, 40, 41, 42, 43, 44, 45, 46, 47, 48, 49, 50, 51, 52, 53, 54, 55, 56, 57, 58, 59, 60, 61, 62, 64, 65, 66, 67]
  Colonnes concernées: 3 éléments
    Indices: [49, 248, 249]
  Ratio: 1:67 (positif:négatif)

----------------------------------------

STEP 9:
  Groupe positif (reads1): 1 éléments
    Indices: [24]
  Groupe négatif (reads0): 67 éléments
    Indices: [0, 1, 2, 3, 4, 5, 6, 7, 8, 9, 10, 11, 12, 13, 14, 15, 16, 17, 18, 19, 20, 21, 22, 23, 25, 26, 27, 28, 29, 30, 31, 32, 33, 34, 35, 36, 37, 38, 39, 40, 41, 42, 43, 44, 45, 46, 47, 48, 49, 50, 51, 52, 53, 54, 55, 56, 57, 58, 59, 60, 61, 62, 63, 64, 65, 66, 67]
  Colonnes concernées: 3 éléments
    Indices: [62, 117, 160]
  Ratio: 1:67 (positif:négatif)

----------------------------------------

STEP 10:
  Groupe positif (reads1): 2 éléments
    Indices: [14, 54]
  Groupe négatif (reads0): 66 éléments
    Indices: [0, 1, 2, 3, 4, 5, 6, 7, 8, 9, 10, 11, 12, 13, 15, 16, 17, 18, 19, 20, 21, 22, 23, 24, 25, 26, 27, 28, 29, 30, 31, 32, 33, 34, 35, 36, 37, 38, 39, 40, 41, 42, 43, 44, 45, 46, 47, 48, 49, 50, 51, 52, 53, 55, 56, 57, 58, 59, 60, 61, 62, 63, 64, 65, 66, 67]
  Colonnes concernées: 3 éléments
    Indices: [103, 115, 250]
  Ratio: 2:66 (positif:négatif)

----------------------------------------

STEP 11:
  Groupe positif (reads1): 42 éléments
    Indices: [0, 1, 2, 3, 4, 5, 6, 7, 8, 9, 10, 11, 13, 14, 15, 17, 18, 19, 20, 29, 31, 32, 33, 34, 35, 36, 40, 43, 44, 48, 50, 51, 53, 54, 55, 56, 57, 59, 60, 62, 63, 64]
  Groupe négatif (reads0): 26 éléments
    Indices: [12, 16, 21, 22, 23, 24, 25, 26, 27, 28, 30, 37, 38, 39, 41, 42, 45, 46, 47, 49, 52, 58, 61, 65, 66, 67]
  Colonnes concernées: 7 éléments
    Indices: [109, 124, 156, 183, 225, 233, 244]
  Ratio: 42:26 (positif:négatif)

----------------------------------------

STEP 12:
  Groupe positif (reads1): 43 éléments
    Indices: [0, 1, 2, 3, 4, 5, 6, 7, 8, 9, 10, 11, 13, 14, 15, 17, 18, 19, 20, 29, 31, 32, 33, 34, 35, 36, 40, 43, 44, 46, 48, 50, 51, 53, 54, 55, 56, 57, 59, 60, 62, 63, 64]
  Groupe négatif (reads0): 25 éléments
    Indices: [12, 16, 21, 22, 23, 24, 25, 26, 27, 28, 30, 37, 38, 39, 41, 42, 45, 47, 49, 52, 58, 61, 65, 66, 67]
  Colonnes concernées: 4 éléments
    Indices: [127, 227, 231, 245]
  Ratio: 43:25 (positif:négatif)

----------------------------------------

