=== CLUSTERING STEPS POUR matrix_edge_10_12126_17126.csv ===
Nombre d'haplotypes: 4
Timestamp: 2025-06-06T15:36:37.779671
Nombre total de steps: 13

============================================================

STEP 1:
  Groupe positif (reads1): 74 éléments
    Indices: [0, 1, 2, 3, 4, 5, 6, 7, 8, 9, 10, 11, 12, 13, 14, 15, 16, 17, 18, 19, 20, 21, 22, 23, 24, 25, 26, 27, 28, 29, 30, 31, 32, 33, 34, 35, 36, 37, 38, 39, 40, 41, 42, 43, 44, 45, 54, 55, 56, 57, 67, 68, 69, 70, 71, 72, 74, 75, 77, 79, 80, 81, 83, 86, 87, 88, 89, 90, 91, 92, 105, 107, 114, 115]
  Groupe négatif (reads0): 42 éléments
    Indices: [46, 47, 48, 49, 50, 51, 52, 53, 58, 59, 60, 61, 62, 63, 64, 65, 66, 73, 76, 78, 82, 84, 85, 93, 94, 95, 96, 97, 98, 99, 100, 101, 102, 103, 104, 106, 108, 109, 110, 111, 112, 113]
  Colonnes concernées: 3 éléments
    Indices: [0, 41, 73]
  Ratio: 74:42 (positif:négatif)

----------------------------------------

STEP 2:
  Groupe positif (reads1): 73 éléments
    Indices: [0, 1, 2, 3, 4, 5, 6, 7, 8, 9, 10, 11, 12, 13, 14, 15, 16, 17, 18, 19, 20, 21, 22, 23, 24, 25, 26, 27, 28, 29, 30, 31, 32, 33, 34, 35, 36, 37, 38, 39, 40, 41, 42, 43, 44, 45, 54, 55, 56, 57, 67, 68, 69, 70, 71, 72, 74, 75, 77, 79, 80, 83, 86, 87, 88, 89, 90, 91, 92, 105, 107, 114, 115]
  Groupe négatif (reads0): 43 éléments
    Indices: [46, 47, 48, 49, 50, 51, 52, 53, 58, 59, 60, 61, 62, 63, 64, 65, 66, 73, 76, 78, 81, 82, 84, 85, 93, 94, 95, 96, 97, 98, 99, 100, 101, 102, 103, 104, 106, 108, 109, 110, 111, 112, 113]
  Colonnes concernées: 35 éléments
    Indices: [1, 16, 30, 52, 54, 55, 63, 70, 88, 92, 115, 116, 121, 129, 135, 149, 175, 176, 181, 182, 185, 241, 249, 260, 261, 272, 288, 307, 312, 316, 319, 330, 334, 338, 342]
  Ratio: 73:43 (positif:négatif)

----------------------------------------

STEP 3:
  Groupe positif (reads1): 74 éléments
    Indices: [0, 1, 2, 3, 4, 5, 6, 7, 8, 9, 10, 11, 12, 13, 14, 15, 16, 17, 18, 19, 20, 21, 22, 23, 24, 25, 26, 27, 28, 29, 30, 31, 32, 33, 34, 35, 36, 37, 38, 39, 40, 41, 42, 43, 44, 45, 54, 55, 56, 57, 67, 68, 69, 70, 71, 72, 74, 75, 77, 79, 80, 83, 86, 87, 88, 89, 90, 91, 92, 101, 105, 107, 114, 115]
  Groupe négatif (reads0): 42 éléments
    Indices: [46, 47, 48, 49, 50, 51, 52, 53, 58, 59, 60, 61, 62, 63, 64, 65, 66, 73, 76, 78, 81, 82, 84, 85, 93, 94, 95, 96, 97, 98, 99, 100, 102, 103, 104, 106, 108, 109, 110, 111, 112, 113]
  Colonnes concernées: 4 éléments
    Indices: [15, 186, 267, 269]
  Ratio: 74:42 (positif:négatif)

----------------------------------------

STEP 4:
  Groupe positif (reads1): 74 éléments
    Indices: [0, 1, 2, 3, 4, 5, 6, 7, 8, 9, 10, 11, 12, 13, 14, 15, 16, 17, 18, 19, 20, 21, 22, 23, 24, 25, 26, 27, 28, 29, 30, 31, 32, 33, 34, 35, 36, 37, 38, 39, 40, 41, 42, 43, 44, 45, 54, 55, 56, 57, 67, 68, 69, 70, 71, 72, 74, 75, 77, 79, 80, 83, 86, 87, 88, 89, 90, 91, 92, 105, 107, 111, 114, 115]
  Groupe négatif (reads0): 42 éléments
    Indices: [46, 47, 48, 49, 50, 51, 52, 53, 58, 59, 60, 61, 62, 63, 64, 65, 66, 73, 76, 78, 81, 82, 84, 85, 93, 94, 95, 96, 97, 98, 99, 100, 101, 102, 103, 104, 106, 108, 109, 110, 112, 113]
  Colonnes concernées: 3 éléments
    Indices: [23, 252, 304]
  Ratio: 74:42 (positif:négatif)

----------------------------------------

STEP 5:
  Groupe positif (reads1): 74 éléments
    Indices: [0, 1, 2, 3, 4, 5, 6, 7, 8, 9, 10, 11, 12, 13, 14, 15, 16, 17, 18, 19, 20, 21, 22, 23, 24, 25, 26, 27, 28, 29, 30, 31, 32, 33, 34, 35, 36, 37, 38, 39, 40, 41, 42, 43, 44, 45, 54, 55, 56, 57, 67, 68, 69, 70, 71, 72, 73, 74, 75, 77, 79, 80, 83, 86, 87, 88, 89, 90, 91, 92, 105, 107, 114, 115]
  Groupe négatif (reads0): 42 éléments
    Indices: [46, 47, 48, 49, 50, 51, 52, 53, 58, 59, 60, 61, 62, 63, 64, 65, 66, 76, 78, 81, 82, 84, 85, 93, 94, 95, 96, 97, 98, 99, 100, 101, 102, 103, 104, 106, 108, 109, 110, 111, 112, 113]
  Colonnes concernées: 3 éléments
    Indices: [24, 140, 273]
  Ratio: 74:42 (positif:négatif)

----------------------------------------

STEP 6:
  Groupe positif (reads1): 74 éléments
    Indices: [0, 1, 2, 3, 4, 5, 6, 7, 8, 9, 10, 11, 12, 13, 14, 15, 16, 17, 18, 19, 20, 21, 22, 23, 24, 25, 26, 27, 28, 29, 30, 31, 32, 33, 34, 35, 36, 37, 38, 39, 40, 41, 42, 43, 44, 45, 54, 55, 56, 57, 67, 68, 69, 70, 71, 72, 74, 75, 77, 79, 80, 83, 86, 87, 88, 89, 90, 91, 92, 105, 107, 113, 114, 115]
  Groupe négatif (reads0): 42 éléments
    Indices: [46, 47, 48, 49, 50, 51, 52, 53, 58, 59, 60, 61, 62, 63, 64, 65, 66, 73, 76, 78, 81, 82, 84, 85, 93, 94, 95, 96, 97, 98, 99, 100, 101, 102, 103, 104, 106, 108, 109, 110, 111, 112]
  Colonnes concernées: 4 éléments
    Indices: [56, 119, 151, 259]
  Ratio: 74:42 (positif:négatif)

----------------------------------------

STEP 7:
  Groupe positif (reads1): 86 éléments
    Indices: [0, 1, 2, 3, 4, 5, 6, 7, 8, 9, 10, 11, 12, 13, 14, 15, 16, 17, 18, 19, 20, 21, 22, 23, 24, 25, 26, 27, 28, 29, 30, 31, 32, 33, 34, 35, 36, 37, 38, 39, 40, 41, 42, 46, 47, 48, 49, 50, 51, 52, 53, 58, 59, 60, 61, 62, 63, 64, 65, 66, 73, 76, 78, 81, 82, 84, 85, 93, 94, 95, 96, 97, 98, 99, 100, 101, 102, 103, 104, 106, 108, 109, 110, 111, 112, 113]
  Groupe négatif (reads0): 30 éléments
    Indices: [43, 44, 45, 54, 55, 56, 57, 67, 68, 69, 70, 71, 72, 74, 75, 77, 79, 80, 83, 86, 87, 88, 89, 90, 91, 92, 105, 107, 114, 115]
  Colonnes concernées: 37 éléments
    Indices: [2, 8, 9, 32, 37, 38, 50, 68, 71, 87, 104, 105, 107, 112, 137, 142, 143, 147, 156, 158, 162, 170, 174, 184, 188, 191, 192, 194, 197, 200, 210, 214, 223, 254, 264, 290, 314]
  Ratio: 86:30 (positif:négatif)

----------------------------------------

STEP 8:
  Groupe positif (reads1): 87 éléments
    Indices: [0, 1, 2, 3, 4, 5, 6, 7, 8, 9, 10, 11, 12, 13, 14, 15, 16, 17, 18, 19, 20, 21, 22, 23, 24, 25, 26, 27, 28, 29, 30, 31, 32, 33, 34, 35, 36, 37, 38, 39, 40, 41, 42, 45, 46, 47, 48, 49, 50, 51, 52, 53, 58, 59, 60, 61, 62, 63, 64, 65, 66, 73, 76, 78, 81, 82, 84, 85, 93, 94, 95, 96, 97, 98, 99, 100, 101, 102, 103, 104, 106, 108, 109, 110, 111, 112, 113]
  Groupe négatif (reads0): 29 éléments
    Indices: [43, 44, 54, 55, 56, 57, 67, 68, 69, 70, 71, 72, 74, 75, 77, 79, 80, 83, 86, 87, 88, 89, 90, 91, 92, 105, 107, 114, 115]
  Colonnes concernées: 4 éléments
    Indices: [12, 67, 78, 213]
  Ratio: 87:29 (positif:négatif)

----------------------------------------

STEP 9:
  Groupe positif (reads1): 87 éléments
    Indices: [0, 1, 2, 3, 4, 5, 6, 7, 8, 9, 10, 11, 12, 13, 14, 15, 16, 17, 18, 19, 20, 21, 22, 23, 24, 25, 26, 27, 28, 29, 30, 31, 32, 33, 34, 35, 36, 37, 38, 39, 40, 41, 42, 46, 47, 48, 49, 50, 51, 52, 53, 58, 59, 60, 61, 62, 63, 64, 65, 66, 73, 76, 78, 81, 82, 84, 85, 93, 94, 95, 96, 97, 98, 99, 100, 101, 102, 103, 104, 106, 108, 109, 110, 111, 112, 113, 115]
  Groupe négatif (reads0): 29 éléments
    Indices: [43, 44, 45, 54, 55, 56, 57, 67, 68, 69, 70, 71, 72, 74, 75, 77, 79, 80, 83, 86, 87, 88, 89, 90, 91, 92, 105, 107, 114]
  Colonnes concernées: 3 éléments
    Indices: [60, 79, 263]
  Ratio: 87:29 (positif:négatif)

----------------------------------------

STEP 10:
  Groupe positif (reads1): 29 éléments
    Indices: [43, 44, 45, 54, 55, 56, 57, 67, 68, 69, 70, 71, 72, 74, 75, 77, 79, 80, 83, 86, 88, 89, 90, 91, 92, 105, 107, 114, 115]
  Groupe négatif (reads0): 87 éléments
    Indices: [0, 1, 2, 3, 4, 5, 6, 7, 8, 9, 10, 11, 12, 13, 14, 15, 16, 17, 18, 19, 20, 21, 22, 23, 24, 25, 26, 27, 28, 29, 30, 31, 32, 33, 34, 35, 36, 37, 38, 39, 40, 41, 42, 46, 47, 48, 49, 50, 51, 52, 53, 58, 59, 60, 61, 62, 63, 64, 65, 66, 73, 76, 78, 81, 82, 84, 85, 87, 93, 94, 95, 96, 97, 98, 99, 100, 101, 102, 103, 104, 106, 108, 109, 110, 111, 112, 113]
  Colonnes concernées: 6 éléments
    Indices: [62, 69, 102, 199, 233, 327]
  Ratio: 29:87 (positif:négatif)

----------------------------------------

STEP 11:
  Groupe positif (reads1): 87 éléments
    Indices: [0, 1, 2, 3, 4, 5, 6, 7, 8, 9, 10, 11, 12, 13, 14, 15, 16, 17, 18, 19, 20, 21, 22, 23, 24, 25, 26, 27, 28, 29, 30, 31, 32, 33, 34, 35, 36, 37, 38, 39, 40, 41, 42, 46, 47, 48, 49, 50, 51, 52, 53, 58, 59, 60, 61, 62, 63, 64, 65, 66, 72, 73, 76, 78, 81, 82, 84, 85, 93, 94, 95, 96, 97, 98, 99, 100, 101, 102, 103, 104, 106, 108, 109, 110, 111, 112, 113]
  Groupe négatif (reads0): 29 éléments
    Indices: [43, 44, 45, 54, 55, 56, 57, 67, 68, 69, 70, 71, 74, 75, 77, 79, 80, 83, 86, 87, 88, 89, 90, 91, 92, 105, 107, 114, 115]
  Colonnes concernées: 3 éléments
    Indices: [109, 110, 225]
  Ratio: 87:29 (positif:négatif)

----------------------------------------

STEP 12:
  Groupe positif (reads1): 43 éléments
    Indices: [0, 1, 2, 3, 4, 5, 6, 7, 8, 9, 10, 11, 12, 13, 14, 15, 16, 17, 18, 19, 20, 21, 22, 23, 24, 25, 26, 27, 28, 29, 30, 31, 32, 33, 34, 35, 36, 37, 38, 39, 40, 41, 42]
  Groupe négatif (reads0): 73 éléments
    Indices: [43, 44, 45, 46, 47, 48, 49, 50, 51, 52, 53, 54, 55, 56, 57, 58, 59, 60, 61, 62, 63, 64, 65, 66, 67, 68, 69, 70, 71, 72, 73, 74, 75, 76, 77, 78, 79, 80, 81, 82, 83, 84, 85, 86, 87, 88, 89, 90, 91, 92, 93, 94, 95, 96, 97, 98, 99, 100, 101, 102, 103, 104, 105, 106, 107, 108, 109, 110, 111, 112, 113, 114, 115]
  Colonnes concernées: 23 éléments
    Indices: [17, 18, 21, 29, 35, 36, 53, 72, 74, 139, 177, 217, 228, 235, 253, 281, 283, 322, 333, 339, 341, 343, 348]
  Ratio: 43:73 (positif:négatif)

----------------------------------------

STEP 13:
  Groupe positif (reads1): 74 éléments
    Indices: [35, 43, 44, 45, 46, 47, 48, 49, 50, 51, 52, 53, 54, 55, 56, 57, 58, 59, 60, 61, 62, 63, 64, 65, 66, 67, 68, 69, 70, 71, 72, 73, 74, 75, 76, 77, 78, 79, 80, 81, 82, 83, 84, 85, 86, 87, 88, 89, 90, 91, 92, 93, 94, 95, 96, 97, 98, 99, 100, 101, 102, 103, 104, 105, 106, 107, 108, 109, 110, 111, 112, 113, 114, 115]
  Groupe négatif (reads0): 42 éléments
    Indices: [0, 1, 2, 3, 4, 5, 6, 7, 8, 9, 10, 11, 12, 13, 14, 15, 16, 17, 18, 19, 20, 21, 22, 23, 24, 25, 26, 27, 28, 29, 30, 31, 32, 33, 34, 36, 37, 38, 39, 40, 41, 42]
  Colonnes concernées: 3 éléments
    Indices: [131, 291, 297]
  Ratio: 74:42 (positif:négatif)

----------------------------------------

