=== CLUSTERING STEPS POUR matrix_edge_2_13958_18958.csv ===
Nombre d'haplotypes: 4
Timestamp: 2025-06-06T15:35:49.901483
Nombre total de steps: 10

============================================================

STEP 1:
  Groupe positif (reads1): 287 éléments
    Indices: [0, 1, 2, 3, 4, 5, 6, 7, 8, 9, 10, 11, 12, 13, 14, 15, 16, 17, 18, 19, 20, 21, 22, 23, 24, 25, 26, 27, 28, 29, 30, 31, 32, 33, 34, 35, 36, 37, 38, 39, 40, 41, 42, 43, 44, 45, 46, 47, 48, 49, 50, 51, 52, 53, 54, 55, 56, 57, 58, 59, 60, 61, 62, 63, 64, 65, 66, 67, 68, 69, 70, 71, 72, 73, 75, 76, 77, 80, 84, 85, 86, 89, 90, 91, 92, 93, 94, 95, 96, 97, 98, 101, 102, 103, 104, 105, 106, 107, 108, 109, 110, 111, 112, 113, 114, 115, 116, 117, 118, 119, 120, 128, 129, 130, 131, 132, 133, 134, 135, 136, 137, 138, 139, 140, 141, 142, 143, 144, 145, 146, 147, 148, 149, 151, 152, 153, 154, 155, 156, 157, 160, 161, 162, 163, 164, 165, 166, 167, 169, 170, 171, 172, 173, 174, 175, 176, 177, 178, 179, 180, 181, 182, 183, 185, 186, 187, 188, 189, 190, 191, 192, 193, 194, 195, 196, 197, 198, 199, 200, 201, 203, 204, 205, 206, 207, 208, 209, 210, 211, 212, 213, 214, 215, 216, 217, 218, 219, 220, 221, 222, 223, 224, 226, 229, 233, 234, 235, 236, 238, 239, 240, 241, 242, 243, 245, 246, 247, 248, 249, 250, 251, 252, 254, 255, 256, 257, 258, 260, 261, 262, 263, 264, 265, 266, 267, 268, 269, 271, 272, 273, 274, 275, 276, 277, 278, 279, 280, 283, 284, 285, 287, 288, 289, 290, 291, 292, 294, 295, 296, 297, 298, 299, 300, 301, 302, 303, 304, 305, 306, 307, 308, 311, 313, 314, 315, 316, 317, 318, 319, 320, 321, 322, 323, 324, 325, 326, 327]
  Groupe négatif (reads0): 41 éléments
    Indices: [74, 78, 79, 81, 82, 83, 87, 88, 99, 100, 121, 122, 123, 124, 125, 126, 127, 150, 158, 159, 168, 184, 202, 225, 227, 228, 230, 231, 232, 237, 244, 253, 259, 270, 281, 282, 286, 293, 309, 310, 312]
  Colonnes concernées: 16 éléments
    Indices: [1, 5, 46, 50, 89, 135, 142, 143, 145, 155, 168, 172, 192, 204, 217, 235]
  Ratio: 287:41 (positif:négatif)

----------------------------------------

STEP 2:
  Groupe positif (reads1): 49 éléments
    Indices: [6, 7, 8, 14, 15, 16, 18, 25, 30, 31, 32, 37, 40, 41, 43, 44, 45, 46, 52, 53, 56, 59, 64, 65, 66, 67, 174, 191, 197, 206, 207, 210, 211, 212, 214, 215, 251, 254, 255, 256, 257, 258, 283, 285, 298, 301, 313, 324, 325]
  Groupe négatif (reads0): 279 éléments
    Indices: [0, 1, 2, 3, 4, 5, 9, 10, 11, 12, 13, 17, 19, 20, 21, 22, 23, 24, 26, 27, 28, 29, 33, 34, 35, 36, 38, 39, 42, 47, 48, 49, 50, 51, 54, 55, 57, 58, 60, 61, 62, 63, 68, 69, 70, 71, 72, 73, 74, 75, 76, 77, 78, 79, 80, 81, 82, 83, 84, 85, 86, 87, 88, 89, 90, 91, 92, 93, 94, 95, 96, 97, 98, 99, 100, 101, 102, 103, 104, 105, 106, 107, 108, 109, 110, 111, 112, 113, 114, 115, 116, 117, 118, 119, 120, 121, 122, 123, 124, 125, 126, 127, 128, 129, 130, 131, 132, 133, 134, 135, 136, 137, 138, 139, 140, 141, 142, 143, 144, 145, 146, 147, 148, 149, 150, 151, 152, 153, 154, 155, 156, 157, 158, 159, 160, 161, 162, 163, 164, 165, 166, 167, 168, 169, 170, 171, 172, 173, 175, 176, 177, 178, 179, 180, 181, 182, 183, 184, 185, 186, 187, 188, 189, 190, 192, 193, 194, 195, 196, 198, 199, 200, 201, 202, 203, 204, 205, 208, 209, 213, 216, 217, 218, 219, 220, 221, 222, 223, 224, 225, 226, 227, 228, 229, 230, 231, 232, 233, 234, 235, 236, 237, 238, 239, 240, 241, 242, 243, 244, 245, 246, 247, 248, 249, 250, 252, 253, 259, 260, 261, 262, 263, 264, 265, 266, 267, 268, 269, 270, 271, 272, 273, 274, 275, 276, 277, 278, 279, 280, 281, 282, 284, 286, 287, 288, 289, 290, 291, 292, 293, 294, 295, 296, 297, 299, 300, 302, 303, 304, 305, 306, 307, 308, 309, 310, 311, 312, 314, 315, 316, 317, 318, 319, 320, 321, 322, 323, 326, 327]
  Colonnes concernées: 9 éléments
    Indices: [6, 29, 58, 66, 67, 90, 109, 174, 181]
  Ratio: 49:279 (positif:négatif)

----------------------------------------

STEP 3:
  Groupe positif (reads1): 196 éléments
    Indices: [70, 71, 72, 73, 74, 75, 76, 77, 78, 79, 80, 81, 82, 83, 84, 85, 86, 87, 88, 89, 90, 91, 92, 93, 94, 95, 96, 97, 98, 99, 100, 101, 102, 103, 104, 105, 106, 107, 108, 109, 110, 111, 112, 113, 114, 115, 116, 117, 118, 119, 120, 121, 122, 123, 124, 125, 126, 127, 128, 129, 130, 131, 132, 133, 134, 135, 136, 137, 138, 139, 140, 141, 142, 143, 144, 145, 146, 147, 148, 149, 150, 151, 152, 153, 154, 155, 156, 157, 158, 159, 160, 161, 162, 163, 164, 165, 166, 167, 168, 169, 170, 171, 172, 175, 176, 177, 179, 180, 181, 182, 183, 184, 185, 186, 187, 188, 190, 192, 193, 195, 199, 200, 201, 202, 203, 220, 221, 222, 223, 224, 225, 226, 227, 228, 229, 230, 231, 232, 233, 234, 235, 236, 237, 238, 239, 240, 241, 242, 244, 245, 247, 249, 250, 252, 253, 259, 260, 261, 262, 263, 264, 265, 266, 268, 269, 270, 271, 272, 273, 275, 278, 279, 281, 282, 284, 286, 287, 293, 294, 295, 299, 300, 302, 303, 307, 308, 309, 310, 311, 312, 314, 316, 318, 320, 326, 327]
  Groupe négatif (reads0): 132 éléments
    Indices: [0, 1, 2, 3, 4, 5, 6, 7, 8, 9, 10, 11, 12, 13, 14, 15, 16, 17, 18, 19, 20, 21, 22, 23, 24, 25, 26, 27, 28, 29, 30, 31, 32, 33, 34, 35, 36, 37, 38, 39, 40, 41, 42, 43, 44, 45, 46, 47, 48, 49, 50, 51, 52, 53, 54, 55, 56, 57, 58, 59, 60, 61, 62, 63, 64, 65, 66, 67, 68, 69, 173, 174, 178, 189, 191, 194, 196, 197, 198, 204, 205, 206, 207, 208, 209, 210, 211, 212, 213, 214, 215, 216, 217, 218, 219, 243, 246, 248, 251, 254, 255, 256, 257, 258, 267, 274, 276, 277, 280, 283, 285, 288, 289, 290, 291, 292, 296, 297, 298, 301, 304, 305, 306, 313, 315, 317, 319, 321, 322, 323, 324, 325]
  Colonnes concernées: 32 éléments
    Indices: [7, 44, 61, 88, 104, 112, 115, 117, 119, 121, 124, 128, 137, 148, 150, 151, 158, 173, 177, 183, 184, 193, 194, 200, 203, 205, 208, 210, 225, 227, 232, 234]
  Ratio: 196:132 (positif:négatif)

----------------------------------------

STEP 4:
  Groupe positif (reads1): 197 éléments
    Indices: [70, 71, 72, 73, 74, 75, 76, 77, 78, 79, 80, 81, 82, 83, 84, 85, 86, 87, 88, 89, 90, 91, 92, 93, 94, 95, 96, 97, 98, 99, 100, 101, 102, 103, 104, 105, 106, 107, 108, 109, 110, 111, 112, 113, 114, 115, 116, 117, 118, 119, 120, 121, 122, 123, 124, 125, 126, 127, 128, 129, 130, 131, 132, 133, 134, 135, 136, 137, 138, 139, 140, 141, 142, 143, 144, 145, 146, 147, 148, 149, 150, 151, 152, 153, 154, 155, 156, 157, 158, 159, 160, 161, 162, 163, 164, 165, 166, 167, 168, 169, 170, 171, 172, 175, 176, 177, 179, 180, 181, 182, 183, 184, 185, 186, 187, 188, 190, 192, 193, 195, 199, 200, 201, 202, 203, 211, 220, 221, 222, 223, 224, 225, 226, 227, 228, 229, 230, 231, 232, 233, 234, 235, 236, 237, 238, 239, 240, 241, 242, 244, 245, 247, 249, 250, 252, 253, 259, 260, 261, 262, 263, 264, 265, 266, 268, 269, 270, 271, 272, 273, 275, 278, 279, 281, 282, 284, 286, 287, 293, 294, 295, 299, 300, 302, 303, 307, 308, 309, 310, 311, 312, 314, 316, 318, 320, 326, 327]
  Groupe négatif (reads0): 131 éléments
    Indices: [0, 1, 2, 3, 4, 5, 6, 7, 8, 9, 10, 11, 12, 13, 14, 15, 16, 17, 18, 19, 20, 21, 22, 23, 24, 25, 26, 27, 28, 29, 30, 31, 32, 33, 34, 35, 36, 37, 38, 39, 40, 41, 42, 43, 44, 45, 46, 47, 48, 49, 50, 51, 52, 53, 54, 55, 56, 57, 58, 59, 60, 61, 62, 63, 64, 65, 66, 67, 68, 69, 173, 174, 178, 189, 191, 194, 196, 197, 198, 204, 205, 206, 207, 208, 209, 210, 212, 213, 214, 215, 216, 217, 218, 219, 243, 246, 248, 251, 254, 255, 256, 257, 258, 267, 274, 276, 277, 280, 283, 285, 288, 289, 290, 291, 292, 296, 297, 298, 301, 304, 305, 306, 313, 315, 317, 319, 321, 322, 323, 324, 325]
  Colonnes concernées: 4 éléments
    Indices: [149, 195, 221, 222]
  Ratio: 197:131 (positif:négatif)

----------------------------------------

STEP 5:
  Groupe positif (reads1): 44 éléments
    Indices: [75, 80, 84, 85, 89, 101, 102, 128, 129, 130, 131, 132, 133, 134, 135, 136, 137, 141, 155, 156, 157, 160, 162, 169, 181, 182, 188, 190, 195, 203, 222, 223, 224, 229, 233, 234, 238, 268, 272, 279, 294, 302, 307, 308]
  Groupe négatif (reads0): 284 éléments
    Indices: [0, 1, 2, 3, 4, 5, 6, 7, 8, 9, 10, 11, 12, 13, 14, 15, 16, 17, 18, 19, 20, 21, 22, 23, 24, 25, 26, 27, 28, 29, 30, 31, 32, 33, 34, 35, 36, 37, 38, 39, 40, 41, 42, 43, 44, 45, 46, 47, 48, 49, 50, 51, 52, 53, 54, 55, 56, 57, 58, 59, 60, 61, 62, 63, 64, 65, 66, 67, 68, 69, 70, 71, 72, 73, 74, 76, 77, 78, 79, 81, 82, 83, 86, 87, 88, 90, 91, 92, 93, 94, 95, 96, 97, 98, 99, 100, 103, 104, 105, 106, 107, 108, 109, 110, 111, 112, 113, 114, 115, 116, 117, 118, 119, 120, 121, 122, 123, 124, 125, 126, 127, 138, 139, 140, 142, 143, 144, 145, 146, 147, 148, 149, 150, 151, 152, 153, 154, 158, 159, 161, 163, 164, 165, 166, 167, 168, 170, 171, 172, 173, 174, 175, 176, 177, 178, 179, 180, 183, 184, 185, 186, 187, 189, 191, 192, 193, 194, 196, 197, 198, 199, 200, 201, 202, 204, 205, 206, 207, 208, 209, 210, 211, 212, 213, 214, 215, 216, 217, 218, 219, 220, 221, 225, 226, 227, 228, 230, 231, 232, 235, 236, 237, 239, 240, 241, 242, 243, 244, 245, 246, 247, 248, 249, 250, 251, 252, 253, 254, 255, 256, 257, 258, 259, 260, 261, 262, 263, 264, 265, 266, 267, 269, 270, 271, 273, 274, 275, 276, 277, 278, 280, 281, 282, 283, 284, 285, 286, 287, 288, 289, 290, 291, 292, 293, 295, 296, 297, 298, 299, 300, 301, 303, 304, 305, 306, 309, 310, 311, 312, 313, 314, 315, 316, 317, 318, 319, 320, 321, 322, 323, 324, 325, 326, 327]
  Colonnes concernées: 11 éléments
    Indices: [4, 15, 64, 91, 94, 98, 134, 216, 218, 219, 242]
  Ratio: 44:284 (positif:négatif)

----------------------------------------

STEP 6:
  Groupe positif (reads1): 290 éléments
    Indices: [0, 1, 2, 3, 4, 5, 6, 7, 8, 9, 10, 11, 12, 13, 14, 15, 16, 17, 18, 19, 20, 21, 22, 23, 24, 25, 26, 27, 28, 29, 30, 31, 32, 33, 34, 35, 36, 37, 38, 39, 40, 41, 42, 43, 44, 45, 46, 47, 48, 49, 50, 51, 52, 53, 54, 55, 56, 57, 58, 59, 60, 61, 62, 63, 64, 65, 66, 67, 68, 69, 70, 71, 72, 73, 74, 75, 76, 78, 79, 80, 81, 82, 83, 84, 85, 86, 87, 88, 89, 90, 91, 92, 93, 94, 97, 98, 99, 100, 101, 102, 103, 104, 105, 106, 107, 108, 118, 119, 120, 121, 122, 123, 124, 125, 126, 127, 128, 129, 130, 131, 132, 133, 134, 135, 136, 137, 138, 139, 141, 142, 143, 144, 145, 146, 147, 150, 152, 153, 154, 155, 156, 157, 158, 159, 160, 161, 162, 163, 165, 166, 167, 168, 169, 170, 171, 173, 174, 177, 178, 179, 181, 182, 184, 185, 187, 188, 189, 190, 191, 192, 194, 195, 196, 197, 198, 199, 200, 201, 202, 203, 204, 205, 206, 207, 208, 209, 210, 211, 212, 213, 214, 215, 216, 217, 218, 219, 220, 221, 222, 223, 224, 225, 226, 227, 228, 229, 230, 231, 232, 233, 234, 236, 237, 238, 239, 242, 243, 244, 246, 248, 250, 251, 253, 254, 255, 256, 257, 258, 259, 261, 262, 263, 264, 266, 267, 268, 270, 271, 272, 274, 275, 276, 277, 279, 280, 281, 282, 283, 284, 285, 286, 287, 288, 289, 290, 291, 292, 293, 294, 295, 296, 297, 298, 300, 301, 302, 303, 304, 305, 306, 307, 308, 309, 310, 311, 312, 313, 314, 315, 316, 317, 318, 319, 321, 322, 323, 324, 325, 326, 327]
  Groupe négatif (reads0): 38 éléments
    Indices: [77, 95, 96, 109, 110, 111, 112, 113, 114, 115, 116, 117, 140, 148, 149, 151, 164, 172, 175, 176, 180, 183, 186, 193, 235, 240, 241, 245, 247, 249, 252, 260, 265, 269, 273, 278, 299, 320]
  Colonnes concernées: 16 éléments
    Indices: [9, 10, 13, 14, 16, 17, 19, 22, 23, 24, 26, 30, 34, 40, 73, 80]
  Ratio: 290:38 (positif:négatif)

----------------------------------------

STEP 7:
  Groupe positif (reads1): 46 éléments
    Indices: [2, 3, 4, 5, 10, 11, 12, 13, 19, 20, 22, 23, 26, 27, 28, 33, 34, 35, 36, 42, 49, 50, 57, 58, 173, 189, 194, 196, 204, 205, 209, 213, 216, 219, 243, 248, 267, 288, 289, 290, 292, 296, 304, 305, 321, 322]
  Groupe négatif (reads0): 282 éléments
    Indices: [0, 1, 6, 7, 8, 9, 14, 15, 16, 17, 18, 21, 24, 25, 29, 30, 31, 32, 37, 38, 39, 40, 41, 43, 44, 45, 46, 47, 48, 51, 52, 53, 54, 55, 56, 59, 60, 61, 62, 63, 64, 65, 66, 67, 68, 69, 70, 71, 72, 73, 74, 75, 76, 77, 78, 79, 80, 81, 82, 83, 84, 85, 86, 87, 88, 89, 90, 91, 92, 93, 94, 95, 96, 97, 98, 99, 100, 101, 102, 103, 104, 105, 106, 107, 108, 109, 110, 111, 112, 113, 114, 115, 116, 117, 118, 119, 120, 121, 122, 123, 124, 125, 126, 127, 128, 129, 130, 131, 132, 133, 134, 135, 136, 137, 138, 139, 140, 141, 142, 143, 144, 145, 146, 147, 148, 149, 150, 151, 152, 153, 154, 155, 156, 157, 158, 159, 160, 161, 162, 163, 164, 165, 166, 167, 168, 169, 170, 171, 172, 174, 175, 176, 177, 178, 179, 180, 181, 182, 183, 184, 185, 186, 187, 188, 190, 191, 192, 193, 195, 197, 198, 199, 200, 201, 202, 203, 206, 207, 208, 210, 211, 212, 214, 215, 217, 218, 220, 221, 222, 223, 224, 225, 226, 227, 228, 229, 230, 231, 232, 233, 234, 235, 236, 237, 238, 239, 240, 241, 242, 244, 245, 246, 247, 249, 250, 251, 252, 253, 254, 255, 256, 257, 258, 259, 260, 261, 262, 263, 264, 265, 266, 268, 269, 270, 271, 272, 273, 274, 275, 276, 277, 278, 279, 280, 281, 282, 283, 284, 285, 286, 287, 291, 293, 294, 295, 297, 298, 299, 300, 301, 302, 303, 306, 307, 308, 309, 310, 311, 312, 313, 314, 315, 316, 317, 318, 319, 320, 323, 324, 325, 326, 327]
  Colonnes concernées: 9 éléments
    Indices: [28, 39, 47, 53, 76, 95, 96, 106, 161]
  Ratio: 46:282 (positif:négatif)

----------------------------------------

STEP 8:
  Groupe positif (reads1): 217 éléments
    Indices: [0, 1, 2, 3, 4, 5, 6, 7, 8, 9, 10, 11, 12, 13, 14, 15, 16, 17, 18, 19, 20, 21, 22, 23, 24, 25, 26, 27, 28, 29, 30, 31, 32, 33, 34, 35, 36, 37, 38, 39, 40, 41, 42, 43, 44, 45, 46, 47, 48, 49, 50, 51, 52, 53, 54, 55, 56, 57, 58, 59, 60, 61, 62, 63, 64, 65, 66, 67, 68, 69, 74, 75, 78, 79, 80, 81, 82, 83, 84, 85, 87, 88, 89, 99, 100, 101, 102, 121, 122, 123, 124, 125, 126, 127, 128, 129, 130, 131, 132, 133, 134, 135, 136, 137, 141, 150, 155, 156, 157, 158, 159, 160, 162, 168, 169, 173, 174, 178, 181, 182, 184, 188, 189, 190, 191, 194, 195, 196, 197, 198, 202, 203, 204, 205, 206, 207, 208, 209, 210, 211, 212, 213, 214, 215, 216, 217, 218, 219, 222, 223, 224, 225, 227, 228, 229, 230, 231, 232, 233, 234, 237, 238, 243, 244, 246, 248, 251, 253, 254, 255, 256, 257, 258, 259, 267, 268, 270, 272, 274, 276, 277, 279, 280, 281, 282, 283, 285, 286, 288, 289, 290, 291, 292, 293, 294, 296, 297, 298, 301, 302, 304, 305, 306, 307, 308, 309, 310, 312, 313, 315, 317, 319, 321, 322, 323, 324, 325]
  Groupe négatif (reads0): 111 éléments
    Indices: [70, 71, 72, 73, 76, 77, 86, 90, 91, 92, 93, 94, 95, 96, 97, 98, 103, 104, 105, 106, 107, 108, 109, 110, 111, 112, 113, 114, 115, 116, 117, 118, 119, 120, 138, 139, 140, 142, 143, 144, 145, 146, 147, 148, 149, 151, 152, 153, 154, 161, 163, 164, 165, 166, 167, 170, 171, 172, 175, 176, 177, 179, 180, 183, 185, 186, 187, 192, 193, 199, 200, 201, 220, 221, 226, 235, 236, 239, 240, 241, 242, 245, 247, 249, 250, 252, 260, 261, 262, 263, 264, 265, 266, 269, 271, 273, 275, 278, 284, 287, 295, 299, 300, 303, 311, 314, 316, 318, 320, 326, 327]
  Colonnes concernées: 15 éléments
    Indices: [54, 56, 84, 114, 122, 125, 127, 131, 132, 133, 139, 146, 220, 223, 241]
  Ratio: 217:111 (positif:négatif)

----------------------------------------

STEP 9:
  Groupe positif (reads1): 260 éléments
    Indices: [6, 7, 8, 11, 14, 15, 16, 18, 20, 25, 26, 27, 30, 31, 32, 36, 37, 40, 41, 42, 43, 44, 45, 46, 52, 53, 56, 57, 59, 64, 65, 66, 67, 70, 71, 72, 73, 74, 75, 76, 77, 78, 79, 80, 81, 82, 83, 84, 85, 86, 87, 88, 89, 90, 91, 92, 93, 94, 95, 96, 97, 98, 99, 100, 101, 102, 103, 104, 105, 106, 107, 108, 109, 110, 111, 112, 113, 114, 115, 116, 117, 118, 119, 120, 121, 122, 123, 124, 125, 126, 127, 128, 129, 130, 131, 132, 133, 134, 135, 136, 137, 138, 139, 140, 141, 142, 143, 144, 145, 146, 147, 148, 149, 150, 151, 152, 153, 154, 155, 156, 157, 158, 159, 160, 161, 162, 163, 164, 165, 166, 167, 168, 169, 170, 171, 172, 174, 175, 176, 177, 179, 180, 181, 182, 183, 184, 185, 186, 187, 188, 190, 191, 192, 193, 195, 197, 199, 200, 201, 202, 203, 204, 206, 207, 210, 211, 212, 214, 215, 220, 221, 222, 223, 224, 225, 226, 227, 228, 229, 230, 231, 232, 233, 234, 235, 236, 237, 238, 239, 240, 241, 242, 243, 244, 245, 247, 248, 249, 250, 251, 252, 253, 254, 255, 256, 257, 258, 259, 260, 261, 262, 263, 264, 265, 266, 268, 269, 270, 271, 272, 273, 275, 278, 279, 281, 282, 283, 284, 285, 286, 287, 290, 293, 294, 295, 296, 298, 299, 300, 301, 302, 303, 305, 307, 308, 309, 310, 311, 312, 313, 314, 316, 318, 320, 321, 322, 324, 325, 326, 327]
  Groupe négatif (reads0): 67 éléments
    Indices: [0, 1, 2, 3, 4, 5, 9, 10, 12, 13, 17, 19, 21, 22, 23, 28, 29, 33, 34, 35, 38, 39, 47, 48, 49, 50, 51, 54, 55, 58, 60, 61, 62, 63, 68, 69, 173, 178, 189, 194, 196, 198, 205, 208, 209, 213, 216, 217, 218, 219, 246, 267, 274, 276, 277, 280, 288, 289, 291, 292, 297, 304, 306, 315, 317, 319, 323]
  Colonnes concernées: 4 éléments
    Indices: [75, 77, 78, 97]
  Ratio: 260:67 (positif:négatif)

----------------------------------------

STEP 10:
  Groupe positif (reads1): 291 éléments
    Indices: [2, 3, 4, 5, 6, 7, 8, 10, 11, 12, 13, 14, 15, 16, 18, 19, 20, 22, 23, 25, 26, 27, 28, 30, 31, 32, 33, 34, 35, 36, 37, 40, 41, 42, 43, 44, 45, 46, 49, 50, 52, 53, 56, 57, 58, 59, 64, 65, 66, 67, 70, 71, 72, 73, 74, 75, 76, 77, 78, 79, 80, 81, 82, 83, 84, 85, 86, 87, 88, 89, 90, 91, 92, 93, 94, 95, 96, 97, 98, 99, 100, 101, 102, 103, 104, 105, 106, 107, 108, 109, 110, 111, 112, 113, 114, 115, 116, 117, 118, 119, 120, 121, 122, 123, 124, 125, 126, 127, 128, 129, 130, 131, 132, 133, 134, 135, 136, 137, 138, 139, 140, 141, 142, 143, 144, 145, 146, 147, 148, 149, 150, 151, 152, 153, 154, 155, 156, 157, 158, 159, 160, 161, 162, 163, 164, 165, 166, 167, 168, 169, 170, 171, 172, 173, 174, 175, 176, 177, 179, 180, 181, 182, 183, 184, 185, 186, 187, 188, 189, 190, 191, 192, 193, 194, 195, 196, 197, 199, 200, 201, 202, 203, 204, 205, 206, 207, 209, 210, 211, 212, 213, 214, 215, 216, 219, 220, 221, 222, 223, 224, 225, 226, 227, 228, 229, 230, 231, 232, 233, 234, 235, 236, 237, 238, 239, 240, 241, 242, 243, 244, 245, 247, 248, 249, 250, 251, 252, 253, 254, 255, 256, 257, 258, 259, 260, 261, 262, 263, 264, 265, 266, 267, 268, 269, 270, 271, 272, 273, 275, 278, 279, 281, 282, 283, 284, 285, 286, 287, 288, 289, 290, 292, 293, 294, 295, 296, 298, 299, 300, 301, 302, 303, 304, 305, 307, 308, 309, 310, 311, 312, 313, 314, 316, 318, 320, 321, 322, 324, 325, 326, 327]
  Groupe négatif (reads0): 34 éléments
    Indices: [0, 1, 9, 17, 21, 24, 29, 38, 47, 48, 51, 54, 60, 62, 63, 68, 69, 178, 198, 208, 217, 218, 246, 274, 276, 277, 280, 291, 297, 306, 315, 317, 319, 323]
  Colonnes concernées: 6 éléments
    Indices: [55, 65, 69, 72, 110, 207]
  Ratio: 291:34 (positif:négatif)

----------------------------------------

