=== CLUSTERING STEPS POUR matrix_edge_19_113568_118568.csv ===
Nombre d'haplotypes: 4
Timestamp: 2025-06-06T15:36:53.801740
Nombre total de steps: 7

============================================================

STEP 1:
  Groupe positif (reads1): 129 éléments
    Indices: [1, 3, 4, 6, 7, 8, 9, 10, 11, 13, 14, 15, 17, 18, 20, 21, 22, 25, 26, 27, 28, 29, 30, 31, 33, 34, 35, 36, 37, 38, 39, 40, 42, 43, 44, 45, 46, 48, 50, 51, 52, 54, 55, 56, 57, 58, 59, 60, 62, 64, 65, 68, 69, 70, 71, 72, 73, 74, 75, 76, 78, 80, 81, 82, 83, 84, 85, 86, 87, 90, 91, 93, 94, 97, 98, 100, 101, 107, 108, 109, 111, 112, 113, 116, 117, 118, 119, 120, 122, 123, 124, 125, 126, 127, 128, 129, 130, 131, 132, 133, 134, 135, 136, 137, 138, 139, 141, 142, 145, 146, 147, 148, 150, 151, 152, 153, 155, 157, 158, 159, 160, 161, 162, 163, 164, 167, 168, 169, 171]
  Groupe négatif (reads0): 44 éléments
    Indices: [0, 2, 5, 12, 16, 19, 23, 24, 32, 41, 47, 49, 53, 61, 63, 66, 67, 77, 79, 88, 89, 92, 95, 96, 99, 102, 103, 104, 105, 106, 110, 114, 115, 121, 140, 143, 144, 149, 154, 156, 165, 166, 170, 172]
  Colonnes concernées: 6 éléments
    Indices: [0, 16, 89, 121, 122, 129]
  Ratio: 129:44 (positif:négatif)

----------------------------------------

STEP 2:
  Groupe positif (reads1): 92 éléments
    Indices: [3, 4, 8, 9, 10, 11, 13, 14, 15, 17, 20, 21, 22, 25, 26, 28, 30, 31, 33, 34, 35, 36, 37, 39, 43, 44, 45, 48, 50, 51, 54, 55, 56, 57, 58, 60, 65, 68, 71, 72, 73, 76, 80, 82, 83, 84, 85, 86, 90, 91, 93, 94, 97, 98, 101, 108, 109, 112, 113, 116, 117, 118, 119, 120, 122, 127, 132, 133, 135, 136, 137, 139, 141, 142, 145, 146, 147, 148, 150, 151, 152, 153, 155, 157, 158, 159, 161, 162, 163, 167, 168, 169]
  Groupe négatif (reads0): 81 éléments
    Indices: [0, 1, 2, 5, 6, 7, 12, 16, 18, 19, 23, 24, 27, 29, 32, 38, 40, 41, 42, 46, 47, 49, 52, 53, 59, 61, 62, 63, 64, 66, 67, 69, 70, 74, 75, 77, 78, 79, 81, 87, 88, 89, 92, 95, 96, 99, 100, 102, 103, 104, 105, 106, 107, 110, 111, 114, 115, 121, 123, 124, 125, 126, 128, 129, 130, 131, 134, 138, 140, 143, 144, 149, 154, 156, 160, 164, 165, 166, 170, 171, 172]
  Colonnes concernées: 21 éléments
    Indices: [6, 8, 10, 21, 28, 36, 46, 47, 49, 50, 53, 54, 68, 83, 110, 117, 143, 156, 166, 176, 187]
  Ratio: 92:81 (positif:négatif)

----------------------------------------

STEP 3:
  Groupe positif (reads1): 136 éléments
    Indices: [0, 2, 3, 4, 5, 8, 9, 10, 11, 12, 13, 14, 15, 16, 17, 19, 20, 21, 22, 23, 24, 25, 26, 28, 30, 31, 32, 33, 34, 35, 36, 37, 39, 41, 43, 44, 45, 47, 48, 49, 50, 51, 53, 54, 55, 56, 57, 58, 60, 61, 63, 65, 66, 67, 68, 71, 72, 73, 76, 77, 79, 80, 82, 83, 84, 85, 86, 88, 89, 90, 91, 92, 93, 94, 95, 96, 97, 98, 99, 101, 102, 103, 104, 105, 106, 108, 109, 110, 112, 113, 114, 115, 116, 117, 118, 119, 120, 121, 122, 127, 132, 133, 135, 136, 137, 139, 140, 141, 142, 143, 144, 145, 146, 147, 148, 149, 150, 151, 152, 153, 154, 155, 156, 157, 158, 159, 161, 162, 163, 165, 166, 167, 168, 169, 170, 172]
  Groupe négatif (reads0): 37 éléments
    Indices: [1, 6, 7, 18, 27, 29, 38, 40, 42, 46, 52, 59, 62, 64, 69, 70, 74, 75, 78, 81, 87, 100, 107, 111, 123, 124, 125, 126, 128, 129, 130, 131, 134, 138, 160, 164, 171]
  Colonnes concernées: 7 éléments
    Indices: [33, 70, 103, 104, 116, 118, 119]
  Ratio: 136:37 (positif:négatif)

----------------------------------------

STEP 4:
  Groupe positif (reads1): 81 éléments
    Indices: [0, 1, 2, 5, 6, 7, 12, 16, 18, 19, 23, 24, 27, 29, 32, 38, 40, 41, 42, 46, 47, 49, 52, 53, 59, 61, 62, 63, 64, 66, 67, 69, 70, 74, 75, 77, 78, 79, 81, 87, 88, 89, 92, 95, 96, 99, 100, 102, 103, 104, 105, 106, 107, 110, 111, 114, 115, 121, 123, 124, 125, 126, 128, 129, 130, 131, 134, 138, 140, 143, 144, 149, 154, 156, 160, 164, 165, 166, 170, 171, 172]
  Groupe négatif (reads0): 92 éléments
    Indices: [3, 4, 8, 9, 10, 11, 13, 14, 15, 17, 20, 21, 22, 25, 26, 28, 30, 31, 33, 34, 35, 36, 37, 39, 43, 44, 45, 48, 50, 51, 54, 55, 56, 57, 58, 60, 65, 68, 71, 72, 73, 76, 80, 82, 83, 84, 85, 86, 90, 91, 93, 94, 97, 98, 101, 108, 109, 112, 113, 116, 117, 118, 119, 120, 122, 127, 132, 133, 135, 136, 137, 139, 141, 142, 145, 146, 147, 148, 150, 151, 152, 153, 155, 157, 158, 159, 161, 162, 163, 167, 168, 169]
  Colonnes concernées: 5 éléments
    Indices: [5, 81, 94, 140, 155]
  Ratio: 81:92 (positif:négatif)

----------------------------------------

STEP 5:
  Groupe positif (reads1): 136 éléments
    Indices: [0, 1, 2, 3, 4, 5, 6, 7, 8, 9, 10, 11, 12, 13, 14, 15, 16, 18, 19, 20, 23, 24, 26, 27, 29, 30, 31, 32, 35, 38, 40, 41, 42, 46, 47, 48, 49, 50, 52, 53, 54, 55, 57, 59, 60, 61, 62, 63, 64, 66, 67, 69, 70, 71, 72, 73, 74, 75, 76, 77, 78, 79, 80, 81, 82, 83, 84, 85, 87, 88, 89, 90, 92, 94, 95, 96, 97, 98, 99, 100, 101, 102, 103, 104, 105, 106, 107, 108, 109, 110, 111, 112, 113, 114, 115, 117, 119, 121, 123, 124, 125, 126, 127, 128, 129, 130, 131, 133, 134, 136, 138, 140, 141, 142, 143, 144, 145, 146, 148, 149, 150, 151, 154, 156, 157, 159, 160, 161, 164, 165, 166, 167, 168, 170, 171, 172]
  Groupe négatif (reads0): 37 éléments
    Indices: [17, 21, 22, 25, 28, 33, 34, 36, 37, 39, 43, 44, 45, 51, 56, 58, 65, 68, 86, 91, 93, 116, 118, 120, 122, 132, 135, 137, 139, 147, 152, 153, 155, 158, 162, 163, 169]
  Colonnes concernées: 13 éléments
    Indices: [12, 13, 131, 141, 149, 161, 163, 164, 165, 167, 173, 174, 178]
  Ratio: 136:37 (positif:négatif)

----------------------------------------

STEP 6:
  Groupe positif (reads1): 35 éléments
    Indices: [17, 21, 22, 25, 28, 34, 36, 37, 39, 43, 44, 45, 51, 56, 58, 68, 86, 91, 93, 116, 118, 120, 122, 132, 135, 137, 139, 147, 152, 153, 155, 158, 162, 163, 169]
  Groupe négatif (reads0): 138 éléments
    Indices: [0, 1, 2, 3, 4, 5, 6, 7, 8, 9, 10, 11, 12, 13, 14, 15, 16, 18, 19, 20, 23, 24, 26, 27, 29, 30, 31, 32, 33, 35, 38, 40, 41, 42, 46, 47, 48, 49, 50, 52, 53, 54, 55, 57, 59, 60, 61, 62, 63, 64, 65, 66, 67, 69, 70, 71, 72, 73, 74, 75, 76, 77, 78, 79, 80, 81, 82, 83, 84, 85, 87, 88, 89, 90, 92, 94, 95, 96, 97, 98, 99, 100, 101, 102, 103, 104, 105, 106, 107, 108, 109, 110, 111, 112, 113, 114, 115, 117, 119, 121, 123, 124, 125, 126, 127, 128, 129, 130, 131, 133, 134, 136, 138, 140, 141, 142, 143, 144, 145, 146, 148, 149, 150, 151, 154, 156, 157, 159, 160, 161, 164, 165, 166, 167, 168, 170, 171, 172]
  Colonnes concernées: 3 éléments
    Indices: [162, 175, 181]
  Ratio: 35:138 (positif:négatif)

----------------------------------------

STEP 7:
  Groupe positif (reads1): 118 éléments
    Indices: [0, 1, 2, 5, 6, 7, 12, 16, 17, 18, 19, 21, 22, 23, 24, 25, 27, 28, 29, 32, 33, 34, 36, 37, 38, 39, 40, 41, 42, 43, 44, 45, 46, 47, 49, 51, 52, 53, 56, 58, 59, 61, 62, 63, 64, 65, 66, 67, 68, 69, 70, 74, 75, 77, 78, 79, 81, 86, 87, 88, 89, 91, 92, 93, 95, 96, 99, 100, 102, 103, 104, 105, 106, 107, 110, 111, 114, 115, 116, 118, 120, 121, 122, 123, 124, 125, 126, 128, 129, 130, 131, 132, 134, 135, 137, 138, 139, 140, 143, 144, 147, 149, 152, 153, 154, 155, 156, 158, 160, 162, 163, 164, 165, 166, 169, 170, 171, 172]
  Groupe négatif (reads0): 55 éléments
    Indices: [3, 4, 8, 9, 10, 11, 13, 14, 15, 20, 26, 30, 31, 35, 48, 50, 54, 55, 57, 60, 71, 72, 73, 76, 80, 82, 83, 84, 85, 90, 94, 97, 98, 101, 108, 109, 112, 113, 117, 119, 127, 133, 136, 141, 142, 145, 146, 148, 150, 151, 157, 159, 161, 167, 168]
  Colonnes concernées: 15 éléments
    Indices: [14, 22, 58, 59, 61, 62, 65, 72, 130, 148, 150, 151, 153, 169, 184]
  Ratio: 118:55 (positif:négatif)

----------------------------------------

