=== CLUSTERING STEPS POUR matrix_edge_2_125622_130622.csv ===
Nombre d'haplotypes: 4
Timestamp: 2025-06-06T15:36:06.916068
Nombre total de steps: 17

============================================================

STEP 1:
  Groupe positif (reads1): 292 éléments
    Indices: [2, 4, 5, 7, 10, 12, 13, 14, 15, 16, 17, 18, 19, 20, 21, 23, 26, 28, 30, 32, 33, 34, 35, 38, 41, 42, 43, 45, 46, 50, 52, 56, 57, 58, 59, 60, 61, 62, 64, 65, 66, 67, 68, 69, 70, 71, 72, 74, 75, 76, 77, 78, 79, 80, 81, 82, 83, 84, 85, 86, 87, 88, 89, 90, 91, 92, 93, 94, 95, 96, 97, 98, 99, 100, 101, 102, 103, 104, 105, 106, 107, 108, 109, 110, 111, 112, 113, 114, 115, 116, 117, 118, 119, 120, 121, 122, 123, 124, 125, 126, 127, 128, 129, 130, 131, 132, 133, 134, 135, 136, 137, 138, 139, 140, 141, 142, 143, 144, 145, 146, 147, 148, 149, 150, 151, 152, 153, 154, 155, 156, 157, 158, 159, 160, 161, 162, 163, 164, 165, 166, 167, 168, 169, 170, 171, 172, 173, 174, 175, 176, 177, 178, 179, 180, 181, 182, 183, 185, 186, 187, 188, 189, 190, 191, 192, 193, 194, 195, 196, 197, 198, 199, 200, 202, 203, 204, 205, 206, 207, 208, 214, 215, 216, 217, 218, 220, 222, 223, 224, 225, 228, 229, 231, 232, 233, 234, 235, 236, 237, 238, 239, 240, 241, 242, 243, 244, 245, 246, 247, 248, 249, 250, 251, 252, 253, 254, 255, 256, 257, 258, 259, 260, 261, 262, 263, 264, 265, 266, 267, 268, 269, 270, 271, 272, 273, 274, 275, 276, 277, 278, 279, 280, 281, 282, 283, 284, 285, 286, 287, 289, 290, 291, 292, 293, 294, 295, 296, 297, 298, 299, 300, 301, 302, 304, 305, 306, 307, 310, 311, 312, 313, 314, 317, 318, 319, 320, 321, 322, 323, 324, 325, 326, 327, 328, 329, 332, 333, 334, 335, 336, 337, 338]
  Groupe négatif (reads0): 47 éléments
    Indices: [0, 1, 3, 6, 8, 9, 11, 22, 24, 25, 27, 29, 31, 36, 37, 39, 40, 44, 47, 48, 49, 51, 53, 54, 55, 63, 73, 184, 201, 209, 210, 211, 212, 213, 219, 221, 226, 227, 230, 288, 303, 308, 309, 315, 316, 330, 331]
  Colonnes concernées: 30 éléments
    Indices: [1, 4, 8, 11, 25, 33, 38, 39, 40, 44, 52, 78, 82, 99, 102, 104, 105, 107, 109, 110, 111, 115, 116, 117, 119, 208, 229, 230, 280, 281]
  Ratio: 292:47 (positif:négatif)

----------------------------------------

STEP 2:
  Groupe positif (reads1): 103 éléments
    Indices: [2, 4, 5, 7, 8, 10, 12, 13, 23, 28, 32, 33, 38, 41, 46, 50, 52, 56, 57, 59, 61, 66, 67, 69, 75, 77, 78, 80, 81, 82, 83, 84, 86, 87, 88, 89, 92, 93, 94, 95, 96, 97, 102, 104, 106, 107, 109, 110, 112, 113, 116, 117, 118, 121, 122, 123, 124, 178, 179, 186, 187, 188, 189, 191, 193, 196, 197, 207, 217, 220, 223, 224, 225, 228, 231, 232, 235, 236, 237, 238, 239, 240, 241, 242, 243, 245, 267, 269, 273, 274, 275, 278, 279, 280, 289, 294, 297, 302, 314, 320, 327, 337, 338]
  Groupe négatif (reads0): 236 éléments
    Indices: [0, 1, 3, 6, 9, 11, 14, 15, 16, 17, 18, 19, 20, 21, 22, 24, 25, 26, 27, 29, 30, 31, 34, 35, 36, 37, 39, 40, 42, 43, 44, 45, 47, 48, 49, 51, 53, 54, 55, 58, 60, 62, 63, 64, 65, 68, 70, 71, 72, 73, 74, 76, 79, 85, 90, 91, 98, 99, 100, 101, 103, 105, 108, 111, 114, 115, 119, 120, 125, 126, 127, 128, 129, 130, 131, 132, 133, 134, 135, 136, 137, 138, 139, 140, 141, 142, 143, 144, 145, 146, 147, 148, 149, 150, 151, 152, 153, 154, 155, 156, 157, 158, 159, 160, 161, 162, 163, 164, 165, 166, 167, 168, 169, 170, 171, 172, 173, 174, 175, 176, 177, 180, 181, 182, 183, 184, 185, 190, 192, 194, 195, 198, 199, 200, 201, 202, 203, 204, 205, 206, 208, 209, 210, 211, 212, 213, 214, 215, 216, 218, 219, 221, 222, 226, 227, 229, 230, 233, 234, 244, 246, 247, 248, 249, 250, 251, 252, 253, 254, 255, 256, 257, 258, 259, 260, 261, 262, 263, 264, 265, 266, 268, 270, 271, 272, 276, 277, 281, 282, 283, 284, 285, 286, 287, 288, 290, 291, 292, 293, 295, 296, 298, 299, 300, 301, 303, 304, 305, 306, 307, 308, 309, 310, 311, 312, 313, 315, 316, 317, 318, 319, 321, 322, 323, 324, 325, 326, 328, 329, 330, 331, 332, 333, 334, 335, 336]
  Colonnes concernées: 3 éléments
    Indices: [14, 75, 85]
  Ratio: 103:236 (positif:négatif)

----------------------------------------

STEP 3:
  Groupe positif (reads1): 55 éléments
    Indices: [77, 78, 80, 81, 82, 83, 84, 86, 87, 88, 89, 92, 93, 94, 95, 96, 97, 102, 104, 106, 107, 109, 110, 113, 116, 117, 121, 122, 123, 124, 178, 179, 191, 196, 197, 207, 236, 237, 238, 239, 240, 241, 242, 243, 244, 245, 275, 278, 279, 280, 294, 297, 314, 327, 337]
  Groupe négatif (reads0): 284 éléments
    Indices: [0, 1, 2, 3, 4, 5, 6, 7, 8, 9, 10, 11, 12, 13, 14, 15, 16, 17, 18, 19, 20, 21, 22, 23, 24, 25, 26, 27, 28, 29, 30, 31, 32, 33, 34, 35, 36, 37, 38, 39, 40, 41, 42, 43, 44, 45, 46, 47, 48, 49, 50, 51, 52, 53, 54, 55, 56, 57, 58, 59, 60, 61, 62, 63, 64, 65, 66, 67, 68, 69, 70, 71, 72, 73, 74, 75, 76, 79, 85, 90, 91, 98, 99, 100, 101, 103, 105, 108, 111, 112, 114, 115, 118, 119, 120, 125, 126, 127, 128, 129, 130, 131, 132, 133, 134, 135, 136, 137, 138, 139, 140, 141, 142, 143, 144, 145, 146, 147, 148, 149, 150, 151, 152, 153, 154, 155, 156, 157, 158, 159, 160, 161, 162, 163, 164, 165, 166, 167, 168, 169, 170, 171, 172, 173, 174, 175, 176, 177, 180, 181, 182, 183, 184, 185, 186, 187, 188, 189, 190, 192, 193, 194, 195, 198, 199, 200, 201, 202, 203, 204, 205, 206, 208, 209, 210, 211, 212, 213, 214, 215, 216, 217, 218, 219, 220, 221, 222, 223, 224, 225, 226, 227, 228, 229, 230, 231, 232, 233, 234, 235, 246, 247, 248, 249, 250, 251, 252, 253, 254, 255, 256, 257, 258, 259, 260, 261, 262, 263, 264, 265, 266, 267, 268, 269, 270, 271, 272, 273, 274, 276, 277, 281, 282, 283, 284, 285, 286, 287, 288, 289, 290, 291, 292, 293, 295, 296, 298, 299, 300, 301, 302, 303, 304, 305, 306, 307, 308, 309, 310, 311, 312, 313, 315, 316, 317, 318, 319, 320, 321, 322, 323, 324, 325, 326, 328, 329, 330, 331, 332, 333, 334, 335, 336, 338]
  Colonnes concernées: 3 éléments
    Indices: [132, 249, 253]
  Ratio: 55:284 (positif:négatif)

----------------------------------------

STEP 4:
  Groupe positif (reads1): 36 éléments
    Indices: [42, 60, 79, 85, 90, 91, 98, 99, 100, 101, 103, 105, 108, 111, 114, 115, 119, 120, 125, 190, 195, 198, 199, 203, 246, 247, 248, 249, 250, 277, 295, 305, 310, 318, 328, 329]
  Groupe négatif (reads0): 303 éléments
    Indices: [0, 1, 2, 3, 4, 5, 6, 7, 8, 9, 10, 11, 12, 13, 14, 15, 16, 17, 18, 19, 20, 21, 22, 23, 24, 25, 26, 27, 28, 29, 30, 31, 32, 33, 34, 35, 36, 37, 38, 39, 40, 41, 43, 44, 45, 46, 47, 48, 49, 50, 51, 52, 53, 54, 55, 56, 57, 58, 59, 61, 62, 63, 64, 65, 66, 67, 68, 69, 70, 71, 72, 73, 74, 75, 76, 77, 78, 80, 81, 82, 83, 84, 86, 87, 88, 89, 92, 93, 94, 95, 96, 97, 102, 104, 106, 107, 109, 110, 112, 113, 116, 117, 118, 121, 122, 123, 124, 126, 127, 128, 129, 130, 131, 132, 133, 134, 135, 136, 137, 138, 139, 140, 141, 142, 143, 144, 145, 146, 147, 148, 149, 150, 151, 152, 153, 154, 155, 156, 157, 158, 159, 160, 161, 162, 163, 164, 165, 166, 167, 168, 169, 170, 171, 172, 173, 174, 175, 176, 177, 178, 179, 180, 181, 182, 183, 184, 185, 186, 187, 188, 189, 191, 192, 193, 194, 196, 197, 200, 201, 202, 204, 205, 206, 207, 208, 209, 210, 211, 212, 213, 214, 215, 216, 217, 218, 219, 220, 221, 222, 223, 224, 225, 226, 227, 228, 229, 230, 231, 232, 233, 234, 235, 236, 237, 238, 239, 240, 241, 242, 243, 244, 245, 251, 252, 253, 254, 255, 256, 257, 258, 259, 260, 261, 262, 263, 264, 265, 266, 267, 268, 269, 270, 271, 272, 273, 274, 275, 276, 278, 279, 280, 281, 282, 283, 284, 285, 286, 287, 288, 289, 290, 291, 292, 293, 294, 296, 297, 298, 299, 300, 301, 302, 303, 304, 306, 307, 308, 309, 311, 312, 313, 314, 315, 316, 317, 319, 320, 321, 322, 323, 324, 325, 326, 327, 330, 331, 332, 333, 334, 335, 336, 337, 338]
  Colonnes concernées: 30 éléments
    Indices: [6, 31, 35, 131, 149, 158, 162, 163, 165, 168, 170, 179, 180, 184, 185, 187, 189, 190, 192, 194, 195, 196, 197, 200, 201, 204, 205, 210, 234, 275]
  Ratio: 36:303 (positif:négatif)

----------------------------------------

STEP 5:
  Groupe positif (reads1): 33 éléments
    Indices: [126, 133, 134, 135, 136, 145, 149, 150, 153, 155, 156, 161, 165, 169, 170, 171, 177, 181, 192, 204, 252, 253, 254, 263, 268, 272, 282, 283, 284, 287, 296, 298, 326]
  Groupe négatif (reads0): 306 éléments
    Indices: [0, 1, 2, 3, 4, 5, 6, 7, 8, 9, 10, 11, 12, 13, 14, 15, 16, 17, 18, 19, 20, 21, 22, 23, 24, 25, 26, 27, 28, 29, 30, 31, 32, 33, 34, 35, 36, 37, 38, 39, 40, 41, 42, 43, 44, 45, 46, 47, 48, 49, 50, 51, 52, 53, 54, 55, 56, 57, 58, 59, 60, 61, 62, 63, 64, 65, 66, 67, 68, 69, 70, 71, 72, 73, 74, 75, 76, 77, 78, 79, 80, 81, 82, 83, 84, 85, 86, 87, 88, 89, 90, 91, 92, 93, 94, 95, 96, 97, 98, 99, 100, 101, 102, 103, 104, 105, 106, 107, 108, 109, 110, 111, 112, 113, 114, 115, 116, 117, 118, 119, 120, 121, 122, 123, 124, 125, 127, 128, 129, 130, 131, 132, 137, 138, 139, 140, 141, 142, 143, 144, 146, 147, 148, 151, 152, 154, 157, 158, 159, 160, 162, 163, 164, 166, 167, 168, 172, 173, 174, 175, 176, 178, 179, 180, 182, 183, 184, 185, 186, 187, 188, 189, 190, 191, 193, 194, 195, 196, 197, 198, 199, 200, 201, 202, 203, 205, 206, 207, 208, 209, 210, 211, 212, 213, 214, 215, 216, 217, 218, 219, 220, 221, 222, 223, 224, 225, 226, 227, 228, 229, 230, 231, 232, 233, 234, 235, 236, 237, 238, 239, 240, 241, 242, 243, 244, 245, 246, 247, 248, 249, 250, 251, 255, 256, 257, 258, 259, 260, 261, 262, 264, 265, 266, 267, 269, 270, 271, 273, 274, 275, 276, 277, 278, 279, 280, 281, 285, 286, 288, 289, 290, 291, 292, 293, 294, 295, 297, 299, 300, 301, 302, 303, 304, 305, 306, 307, 308, 309, 310, 311, 312, 313, 314, 315, 316, 317, 318, 319, 320, 321, 322, 323, 324, 325, 327, 328, 329, 330, 331, 332, 333, 334, 335, 336, 337, 338]
  Colonnes concernées: 7 éléments
    Indices: [12, 83, 103, 175, 181, 217, 270]
  Ratio: 33:306 (positif:négatif)

----------------------------------------

STEP 6:
  Groupe positif (reads1): 64 éléments
    Indices: [126, 133, 134, 135, 136, 137, 138, 139, 145, 146, 147, 148, 149, 150, 151, 153, 154, 155, 156, 157, 158, 159, 160, 161, 162, 165, 169, 170, 171, 172, 173, 176, 177, 181, 182, 192, 194, 204, 208, 252, 253, 254, 255, 256, 257, 258, 262, 263, 266, 268, 271, 272, 282, 283, 284, 287, 290, 296, 298, 317, 321, 322, 326, 334]
  Groupe négatif (reads0): 275 éléments
    Indices: [0, 1, 2, 3, 4, 5, 6, 7, 8, 9, 10, 11, 12, 13, 14, 15, 16, 17, 18, 19, 20, 21, 22, 23, 24, 25, 26, 27, 28, 29, 30, 31, 32, 33, 34, 35, 36, 37, 38, 39, 40, 41, 42, 43, 44, 45, 46, 47, 48, 49, 50, 51, 52, 53, 54, 55, 56, 57, 58, 59, 60, 61, 62, 63, 64, 65, 66, 67, 68, 69, 70, 71, 72, 73, 74, 75, 76, 77, 78, 79, 80, 81, 82, 83, 84, 85, 86, 87, 88, 89, 90, 91, 92, 93, 94, 95, 96, 97, 98, 99, 100, 101, 102, 103, 104, 105, 106, 107, 108, 109, 110, 111, 112, 113, 114, 115, 116, 117, 118, 119, 120, 121, 122, 123, 124, 125, 127, 128, 129, 130, 131, 132, 140, 141, 142, 143, 144, 152, 163, 164, 166, 167, 168, 174, 175, 178, 179, 180, 183, 184, 185, 186, 187, 188, 189, 190, 191, 193, 195, 196, 197, 198, 199, 200, 201, 202, 203, 205, 206, 207, 209, 210, 211, 212, 213, 214, 215, 216, 217, 218, 219, 220, 221, 222, 223, 224, 225, 226, 227, 228, 229, 230, 231, 232, 233, 234, 235, 236, 237, 238, 239, 240, 241, 242, 243, 244, 245, 246, 247, 248, 249, 250, 251, 259, 260, 261, 264, 265, 267, 269, 270, 273, 274, 275, 276, 277, 278, 279, 280, 281, 285, 286, 288, 289, 291, 292, 293, 294, 295, 297, 299, 300, 301, 302, 303, 304, 305, 306, 307, 308, 309, 310, 311, 312, 313, 314, 315, 316, 318, 319, 320, 323, 324, 325, 327, 328, 329, 330, 331, 332, 333, 335, 336, 337, 338]
  Colonnes concernées: 10 éléments
    Indices: [73, 177, 216, 218, 220, 242, 279, 282, 286, 296]
  Ratio: 64:275 (positif:négatif)

----------------------------------------

STEP 7:
  Groupe positif (reads1): 308 éléments
    Indices: [0, 1, 2, 3, 4, 5, 6, 7, 8, 9, 10, 11, 12, 13, 14, 15, 16, 17, 18, 19, 20, 21, 22, 23, 24, 25, 26, 27, 28, 29, 30, 31, 32, 33, 34, 35, 36, 37, 38, 39, 40, 41, 42, 43, 44, 45, 46, 47, 48, 49, 50, 51, 52, 53, 54, 55, 56, 57, 58, 59, 60, 61, 62, 63, 64, 65, 66, 67, 68, 69, 70, 71, 72, 73, 74, 75, 76, 77, 78, 79, 80, 81, 82, 83, 84, 85, 86, 87, 88, 89, 90, 91, 92, 93, 94, 95, 96, 97, 98, 99, 100, 101, 102, 103, 104, 105, 106, 107, 108, 109, 110, 111, 112, 113, 114, 115, 116, 117, 118, 119, 120, 121, 122, 123, 124, 125, 126, 127, 128, 129, 130, 131, 132, 133, 134, 135, 136, 140, 141, 142, 143, 144, 145, 149, 150, 152, 153, 155, 156, 161, 163, 164, 165, 166, 167, 168, 169, 170, 171, 174, 175, 177, 178, 179, 180, 181, 183, 184, 185, 186, 187, 188, 189, 190, 191, 192, 193, 195, 196, 197, 198, 199, 200, 201, 202, 203, 204, 205, 206, 207, 209, 210, 211, 212, 213, 214, 215, 216, 217, 218, 219, 220, 221, 222, 223, 224, 225, 226, 227, 228, 229, 230, 231, 232, 233, 234, 235, 236, 237, 238, 239, 240, 241, 242, 243, 244, 245, 246, 247, 248, 249, 250, 251, 252, 253, 254, 259, 260, 261, 263, 264, 265, 267, 268, 269, 270, 272, 273, 274, 275, 276, 277, 278, 279, 280, 281, 282, 283, 284, 285, 286, 287, 288, 289, 291, 292, 293, 294, 295, 296, 297, 298, 299, 300, 301, 302, 303, 304, 305, 306, 307, 308, 309, 310, 311, 312, 313, 314, 315, 316, 318, 319, 320, 323, 324, 325, 326, 327, 328, 329, 330, 331, 332, 333, 335, 336, 337, 338]
  Groupe négatif (reads0): 31 éléments
    Indices: [137, 138, 139, 146, 147, 148, 151, 154, 157, 158, 159, 160, 162, 172, 173, 176, 182, 194, 208, 255, 256, 257, 258, 262, 266, 271, 290, 317, 321, 322, 334]
  Colonnes concernées: 9 éléments
    Indices: [76, 95, 150, 161, 169, 188, 219, 227, 276]
  Ratio: 308:31 (positif:négatif)

----------------------------------------

STEP 8:
  Groupe positif (reads1): 190 éléments
    Indices: [0, 1, 3, 6, 8, 9, 11, 22, 24, 25, 27, 29, 31, 36, 37, 39, 40, 42, 44, 47, 48, 49, 51, 53, 54, 55, 60, 63, 73, 79, 85, 90, 91, 98, 99, 100, 101, 103, 105, 108, 111, 114, 115, 119, 120, 125, 126, 127, 128, 129, 130, 131, 132, 133, 134, 135, 136, 137, 138, 139, 140, 141, 142, 143, 144, 145, 146, 147, 148, 149, 150, 151, 152, 153, 154, 155, 156, 157, 158, 159, 160, 161, 162, 163, 164, 165, 166, 167, 168, 169, 170, 171, 172, 173, 174, 175, 176, 177, 181, 182, 183, 184, 190, 192, 194, 195, 198, 199, 200, 201, 202, 203, 204, 205, 206, 208, 209, 210, 211, 212, 213, 219, 221, 226, 227, 230, 246, 247, 248, 249, 250, 251, 252, 253, 254, 255, 256, 257, 258, 259, 260, 261, 262, 263, 264, 265, 266, 268, 271, 272, 277, 281, 282, 283, 284, 285, 286, 287, 288, 290, 291, 295, 296, 298, 301, 303, 305, 306, 308, 309, 310, 313, 315, 316, 317, 318, 319, 321, 322, 324, 325, 326, 328, 329, 330, 331, 332, 333, 334, 335]
  Groupe négatif (reads0): 149 éléments
    Indices: [2, 4, 5, 7, 10, 12, 13, 14, 15, 16, 17, 18, 19, 20, 21, 23, 26, 28, 30, 32, 33, 34, 35, 38, 41, 43, 45, 46, 50, 52, 56, 57, 58, 59, 61, 62, 64, 65, 66, 67, 68, 69, 70, 71, 72, 74, 75, 76, 77, 78, 80, 81, 82, 83, 84, 86, 87, 88, 89, 92, 93, 94, 95, 96, 97, 102, 104, 106, 107, 109, 110, 112, 113, 116, 117, 118, 121, 122, 123, 124, 178, 179, 180, 185, 186, 187, 188, 189, 191, 193, 196, 197, 207, 214, 215, 216, 217, 218, 220, 222, 223, 224, 225, 228, 229, 231, 232, 233, 234, 235, 236, 237, 238, 239, 240, 241, 242, 243, 244, 245, 267, 269, 270, 273, 274, 275, 276, 278, 279, 280, 289, 292, 293, 294, 297, 299, 300, 302, 304, 307, 311, 312, 314, 320, 323, 327, 336, 337, 338]
  Colonnes concernées: 12 éléments
    Indices: [7, 24, 28, 32, 86, 91, 93, 94, 96, 97, 98, 100]
  Ratio: 190:149 (positif:négatif)

----------------------------------------

STEP 9:
  Groupe positif (reads1): 232 éléments
    Indices: [0, 1, 2, 3, 4, 5, 6, 7, 8, 9, 10, 11, 12, 13, 14, 15, 16, 17, 18, 19, 20, 21, 22, 23, 24, 25, 26, 27, 28, 29, 30, 31, 32, 33, 34, 35, 36, 37, 38, 39, 40, 41, 42, 43, 44, 45, 46, 47, 48, 49, 50, 51, 52, 53, 54, 55, 56, 57, 58, 59, 60, 61, 62, 63, 64, 65, 66, 67, 68, 69, 70, 71, 72, 73, 74, 75, 76, 77, 78, 79, 80, 81, 82, 83, 84, 85, 86, 87, 88, 89, 90, 91, 92, 93, 94, 95, 96, 97, 98, 99, 100, 101, 102, 103, 104, 105, 106, 107, 108, 109, 110, 111, 112, 113, 114, 115, 116, 117, 118, 119, 120, 121, 122, 123, 124, 125, 178, 179, 180, 184, 185, 186, 187, 188, 189, 190, 191, 193, 195, 196, 197, 198, 199, 201, 203, 207, 209, 210, 211, 212, 213, 214, 215, 216, 217, 218, 219, 220, 221, 222, 223, 224, 225, 226, 227, 228, 229, 230, 231, 232, 233, 234, 235, 236, 237, 238, 239, 240, 241, 242, 243, 244, 245, 246, 247, 248, 249, 250, 267, 269, 270, 273, 274, 275, 276, 277, 278, 279, 280, 288, 289, 292, 293, 294, 295, 297, 299, 300, 302, 303, 304, 305, 307, 308, 309, 310, 311, 312, 314, 315, 316, 318, 320, 323, 327, 328, 329, 330, 331, 336, 337, 338]
  Groupe négatif (reads0): 107 éléments
    Indices: [126, 127, 128, 129, 130, 131, 132, 133, 134, 135, 136, 137, 138, 139, 140, 141, 142, 143, 144, 145, 146, 147, 148, 149, 150, 151, 152, 153, 154, 155, 156, 157, 158, 159, 160, 161, 162, 163, 164, 165, 166, 167, 168, 169, 170, 171, 172, 173, 174, 175, 176, 177, 181, 182, 183, 192, 194, 200, 202, 204, 205, 206, 208, 251, 252, 253, 254, 255, 256, 257, 258, 259, 260, 261, 262, 263, 264, 265, 266, 268, 271, 272, 281, 282, 283, 284, 285, 286, 287, 290, 291, 296, 298, 301, 306, 313, 317, 319, 321, 322, 324, 325, 326, 332, 333, 334, 335]
  Colonnes concernées: 14 éléments
    Indices: [41, 54, 58, 84, 89, 118, 122, 128, 129, 172, 178, 209, 260, 267]
  Ratio: 232:107 (positif:négatif)

----------------------------------------

STEP 10:
  Groupe positif (reads1): 43 éléments
    Indices: [127, 128, 129, 130, 131, 132, 140, 141, 142, 143, 144, 152, 163, 164, 166, 167, 168, 174, 175, 183, 200, 202, 205, 206, 251, 259, 260, 261, 264, 265, 281, 285, 286, 291, 301, 306, 313, 319, 324, 325, 332, 333, 335]
  Groupe négatif (reads0): 296 éléments
    Indices: [0, 1, 2, 3, 4, 5, 6, 7, 8, 9, 10, 11, 12, 13, 14, 15, 16, 17, 18, 19, 20, 21, 22, 23, 24, 25, 26, 27, 28, 29, 30, 31, 32, 33, 34, 35, 36, 37, 38, 39, 40, 41, 42, 43, 44, 45, 46, 47, 48, 49, 50, 51, 52, 53, 54, 55, 56, 57, 58, 59, 60, 61, 62, 63, 64, 65, 66, 67, 68, 69, 70, 71, 72, 73, 74, 75, 76, 77, 78, 79, 80, 81, 82, 83, 84, 85, 86, 87, 88, 89, 90, 91, 92, 93, 94, 95, 96, 97, 98, 99, 100, 101, 102, 103, 104, 105, 106, 107, 108, 109, 110, 111, 112, 113, 114, 115, 116, 117, 118, 119, 120, 121, 122, 123, 124, 125, 126, 133, 134, 135, 136, 137, 138, 139, 145, 146, 147, 148, 149, 150, 151, 153, 154, 155, 156, 157, 158, 159, 160, 161, 162, 165, 169, 170, 171, 172, 173, 176, 177, 178, 179, 180, 181, 182, 184, 185, 186, 187, 188, 189, 190, 191, 192, 193, 194, 195, 196, 197, 198, 199, 201, 203, 204, 207, 208, 209, 210, 211, 212, 213, 214, 215, 216, 217, 218, 219, 220, 221, 222, 223, 224, 225, 226, 227, 228, 229, 230, 231, 232, 233, 234, 235, 236, 237, 238, 239, 240, 241, 242, 243, 244, 245, 246, 247, 248, 249, 250, 252, 253, 254, 255, 256, 257, 258, 262, 263, 266, 267, 268, 269, 270, 271, 272, 273, 274, 275, 276, 277, 278, 279, 280, 282, 283, 284, 287, 288, 289, 290, 292, 293, 294, 295, 296, 297, 298, 299, 300, 302, 303, 304, 305, 307, 308, 309, 310, 311, 312, 314, 315, 316, 317, 318, 320, 321, 322, 323, 326, 327, 328, 329, 330, 331, 334, 336, 337, 338]
  Colonnes concernées: 14 éléments
    Indices: [79, 125, 133, 146, 147, 243, 245, 247, 250, 264, 268, 272, 273, 287]
  Ratio: 43:296 (positif:négatif)

----------------------------------------

STEP 11:
  Groupe positif (reads1): 192 éléments
    Indices: [0, 1, 2, 3, 4, 5, 6, 7, 8, 9, 10, 11, 12, 13, 14, 15, 16, 17, 18, 19, 20, 21, 22, 24, 25, 26, 27, 28, 29, 30, 31, 32, 33, 34, 35, 36, 37, 38, 39, 40, 41, 43, 44, 45, 46, 47, 48, 49, 50, 51, 52, 53, 54, 55, 56, 57, 58, 59, 61, 62, 63, 64, 65, 66, 67, 68, 69, 70, 71, 72, 73, 74, 75, 76, 77, 78, 80, 81, 83, 84, 86, 87, 88, 89, 92, 93, 94, 95, 96, 97, 102, 104, 106, 107, 109, 112, 113, 116, 117, 118, 121, 122, 123, 124, 178, 179, 180, 184, 185, 186, 187, 188, 189, 191, 193, 196, 197, 201, 207, 209, 210, 211, 212, 213, 215, 216, 217, 218, 219, 220, 221, 222, 223, 224, 225, 226, 227, 228, 229, 230, 231, 232, 233, 234, 235, 236, 237, 238, 239, 240, 241, 242, 243, 244, 245, 267, 269, 270, 273, 274, 275, 276, 278, 279, 280, 288, 289, 292, 293, 294, 297, 299, 300, 302, 303, 304, 307, 308, 309, 311, 312, 314, 315, 316, 320, 323, 327, 330, 331, 336, 337, 338]
  Groupe négatif (reads0): 147 éléments
    Indices: [23, 42, 60, 79, 82, 85, 90, 91, 98, 99, 100, 101, 103, 105, 108, 110, 111, 114, 115, 119, 120, 125, 126, 127, 128, 129, 130, 131, 132, 133, 134, 135, 136, 137, 138, 139, 140, 141, 142, 143, 144, 145, 146, 147, 148, 149, 150, 151, 152, 153, 154, 155, 156, 157, 158, 159, 160, 161, 162, 163, 164, 165, 166, 167, 168, 169, 170, 171, 172, 173, 174, 175, 176, 177, 181, 182, 183, 190, 192, 194, 195, 198, 199, 200, 202, 203, 204, 205, 206, 208, 214, 246, 247, 248, 249, 250, 251, 252, 253, 254, 255, 256, 257, 258, 259, 260, 261, 262, 263, 264, 265, 266, 268, 271, 272, 277, 281, 282, 283, 284, 285, 286, 287, 290, 291, 295, 296, 298, 301, 305, 306, 310, 313, 317, 318, 319, 321, 322, 324, 325, 326, 328, 329, 332, 333, 334, 335]
  Colonnes concernées: 4 éléments
    Indices: [112, 140, 143, 144]
  Ratio: 192:147 (positif:négatif)

----------------------------------------

STEP 12:
  Groupe positif (reads1): 185 éléments
    Indices: [2, 4, 5, 7, 10, 12, 13, 23, 28, 32, 33, 38, 41, 42, 45, 46, 50, 52, 56, 57, 59, 60, 61, 66, 67, 69, 70, 75, 77, 78, 79, 80, 81, 82, 83, 84, 85, 86, 87, 88, 89, 90, 91, 92, 93, 94, 95, 96, 97, 98, 99, 100, 101, 102, 103, 104, 105, 106, 107, 108, 109, 110, 111, 112, 113, 114, 115, 116, 117, 118, 119, 120, 121, 122, 123, 124, 125, 127, 128, 129, 130, 131, 132, 140, 141, 142, 143, 144, 152, 163, 164, 166, 167, 168, 174, 175, 178, 179, 183, 186, 187, 188, 189, 190, 191, 193, 195, 196, 197, 198, 199, 200, 202, 203, 205, 206, 207, 217, 220, 223, 224, 225, 228, 231, 232, 235, 236, 237, 238, 239, 240, 241, 242, 243, 244, 245, 246, 247, 248, 249, 250, 251, 259, 260, 261, 264, 265, 267, 269, 273, 274, 275, 277, 278, 279, 280, 281, 285, 286, 289, 291, 292, 294, 295, 297, 301, 302, 305, 306, 310, 313, 314, 318, 319, 320, 324, 325, 327, 328, 329, 332, 333, 335, 337, 338]
  Groupe négatif (reads0): 154 éléments
    Indices: [0, 1, 3, 6, 8, 9, 11, 14, 15, 16, 17, 18, 19, 20, 21, 22, 24, 25, 26, 27, 29, 30, 31, 34, 35, 36, 37, 39, 40, 43, 44, 47, 48, 49, 51, 53, 54, 55, 58, 62, 63, 64, 65, 68, 71, 72, 73, 74, 76, 126, 133, 134, 135, 136, 137, 138, 139, 145, 146, 147, 148, 149, 150, 151, 153, 154, 155, 156, 157, 158, 159, 160, 161, 162, 165, 169, 170, 171, 172, 173, 176, 177, 180, 181, 182, 184, 185, 192, 194, 201, 204, 208, 209, 210, 211, 212, 213, 214, 215, 216, 218, 219, 221, 222, 226, 227, 229, 230, 233, 234, 252, 253, 254, 255, 256, 257, 258, 262, 263, 266, 268, 270, 271, 272, 276, 282, 283, 284, 287, 288, 290, 293, 296, 298, 299, 300, 303, 304, 307, 308, 309, 311, 312, 315, 316, 317, 321, 322, 323, 326, 330, 331, 334, 336]
  Colonnes concernées: 9 éléments
    Indices: [43, 67, 235, 236, 237, 238, 239, 244, 292]
  Ratio: 185:154 (positif:négatif)

----------------------------------------

STEP 13:
  Groupe positif (reads1): 101 éléments
    Indices: [0, 3, 6, 8, 9, 11, 22, 24, 25, 27, 29, 31, 36, 37, 39, 40, 44, 47, 48, 49, 51, 53, 54, 55, 63, 73, 77, 78, 80, 81, 82, 83, 84, 86, 87, 88, 89, 92, 93, 94, 95, 96, 97, 102, 104, 106, 109, 110, 112, 113, 116, 117, 118, 121, 122, 123, 124, 178, 179, 184, 191, 196, 197, 201, 207, 209, 210, 211, 212, 213, 219, 221, 226, 227, 230, 236, 237, 239, 240, 241, 242, 243, 244, 245, 275, 278, 279, 280, 288, 294, 297, 303, 308, 309, 314, 315, 316, 327, 330, 331, 337]
  Groupe négatif (reads0): 238 éléments
    Indices: [1, 2, 4, 5, 7, 10, 12, 13, 14, 15, 16, 17, 18, 19, 20, 21, 23, 26, 28, 30, 32, 33, 34, 35, 38, 41, 42, 43, 45, 46, 50, 52, 56, 57, 58, 59, 60, 61, 62, 64, 65, 66, 67, 68, 69, 70, 71, 72, 74, 75, 76, 79, 85, 90, 91, 98, 99, 100, 101, 103, 105, 107, 108, 111, 114, 115, 119, 120, 125, 126, 127, 128, 129, 130, 131, 132, 133, 134, 135, 136, 137, 138, 139, 140, 141, 142, 143, 144, 145, 146, 147, 148, 149, 150, 151, 152, 153, 154, 155, 156, 157, 158, 159, 160, 161, 162, 163, 164, 165, 166, 167, 168, 169, 170, 171, 172, 173, 174, 175, 176, 177, 180, 181, 182, 183, 185, 186, 187, 188, 189, 190, 192, 193, 194, 195, 198, 199, 200, 202, 203, 204, 205, 206, 208, 214, 215, 216, 217, 218, 220, 222, 223, 224, 225, 228, 229, 231, 232, 233, 234, 235, 238, 246, 247, 248, 249, 250, 251, 252, 253, 254, 255, 256, 257, 258, 259, 260, 261, 262, 263, 264, 265, 266, 267, 268, 269, 270, 271, 272, 273, 274, 276, 277, 281, 282, 283, 284, 285, 286, 287, 289, 290, 291, 292, 293, 295, 296, 298, 299, 300, 301, 302, 304, 305, 306, 307, 310, 311, 312, 313, 317, 318, 319, 320, 321, 322, 323, 324, 325, 326, 328, 329, 332, 333, 334, 335, 336, 338]
  Colonnes concernées: 4 éléments
    Indices: [68, 153, 215, 285]
  Ratio: 101:238 (positif:négatif)

----------------------------------------

STEP 14:
  Groupe positif (reads1): 296 éléments
    Indices: [0, 1, 2, 3, 4, 5, 6, 7, 8, 9, 10, 11, 12, 13, 22, 23, 24, 25, 27, 28, 29, 31, 32, 33, 36, 37, 38, 39, 40, 41, 42, 44, 45, 46, 47, 48, 49, 50, 51, 52, 53, 54, 55, 56, 57, 59, 60, 61, 63, 66, 67, 69, 70, 73, 75, 77, 78, 79, 80, 81, 82, 83, 84, 85, 86, 87, 88, 89, 90, 91, 92, 93, 94, 95, 96, 97, 98, 99, 100, 101, 102, 103, 104, 105, 106, 107, 108, 109, 110, 111, 112, 113, 114, 115, 116, 117, 118, 119, 120, 121, 122, 123, 124, 125, 126, 127, 128, 129, 130, 131, 132, 133, 134, 135, 136, 137, 138, 139, 140, 141, 142, 143, 144, 145, 146, 147, 148, 149, 150, 151, 152, 153, 154, 155, 156, 157, 158, 159, 160, 161, 162, 163, 164, 165, 166, 167, 168, 169, 170, 171, 172, 173, 174, 175, 176, 177, 178, 179, 181, 182, 183, 184, 186, 187, 188, 189, 190, 191, 192, 193, 194, 195, 196, 197, 198, 199, 200, 201, 202, 203, 204, 205, 206, 207, 208, 209, 210, 211, 212, 213, 217, 219, 220, 221, 223, 224, 225, 226, 227, 228, 230, 231, 232, 235, 236, 237, 238, 239, 240, 241, 242, 243, 244, 245, 246, 247, 248, 249, 250, 251, 252, 253, 254, 255, 256, 257, 258, 259, 260, 261, 262, 263, 264, 265, 266, 267, 268, 269, 271, 272, 273, 274, 275, 277, 278, 279, 280, 281, 282, 283, 284, 285, 286, 287, 288, 289, 290, 291, 292, 294, 295, 296, 297, 298, 301, 302, 303, 305, 306, 308, 309, 310, 313, 314, 315, 316, 317, 318, 319, 320, 321, 322, 324, 325, 326, 327, 328, 329, 330, 331, 332, 333, 334, 335, 337, 338]
  Groupe négatif (reads0): 43 éléments
    Indices: [14, 15, 16, 17, 18, 19, 20, 21, 26, 30, 34, 35, 43, 58, 62, 64, 65, 68, 71, 72, 74, 76, 180, 185, 214, 215, 216, 218, 222, 229, 233, 234, 270, 276, 293, 299, 300, 304, 307, 311, 312, 323, 336]
  Colonnes concernées: 12 éléments
    Indices: [0, 15, 17, 18, 30, 45, 92, 106, 246, 263, 283, 293]
  Ratio: 296:43 (positif:négatif)

----------------------------------------

STEP 15:
  Groupe positif (reads1): 290 éléments
    Indices: [0, 1, 3, 6, 8, 9, 11, 14, 15, 16, 17, 18, 19, 20, 21, 22, 24, 25, 26, 27, 29, 30, 31, 34, 35, 36, 37, 39, 40, 42, 43, 44, 47, 48, 49, 51, 53, 54, 55, 58, 60, 62, 63, 64, 65, 68, 71, 72, 73, 74, 76, 77, 78, 79, 80, 81, 82, 83, 84, 85, 86, 87, 88, 89, 90, 91, 92, 93, 94, 95, 96, 97, 98, 99, 100, 101, 102, 103, 104, 105, 106, 107, 108, 109, 110, 111, 112, 113, 114, 115, 116, 117, 118, 119, 120, 121, 122, 123, 124, 125, 126, 127, 128, 129, 130, 131, 132, 133, 134, 135, 136, 137, 138, 139, 140, 141, 142, 143, 144, 145, 146, 147, 148, 149, 150, 151, 152, 153, 154, 155, 156, 157, 158, 159, 160, 161, 162, 163, 164, 165, 166, 167, 168, 169, 170, 171, 172, 173, 174, 175, 176, 177, 178, 179, 180, 181, 182, 183, 184, 185, 190, 191, 192, 194, 195, 196, 197, 198, 199, 200, 201, 202, 203, 204, 205, 206, 207, 208, 209, 210, 211, 212, 213, 214, 215, 216, 218, 219, 221, 222, 226, 227, 229, 230, 233, 234, 236, 237, 238, 239, 240, 241, 242, 243, 244, 245, 246, 247, 248, 249, 250, 251, 252, 253, 254, 255, 256, 257, 258, 259, 260, 261, 262, 263, 264, 265, 266, 268, 270, 271, 272, 275, 276, 277, 278, 279, 280, 281, 282, 283, 284, 285, 286, 287, 288, 290, 291, 293, 294, 295, 296, 297, 298, 299, 300, 301, 303, 304, 305, 306, 307, 308, 309, 310, 311, 312, 313, 314, 315, 316, 317, 318, 319, 321, 322, 323, 324, 325, 326, 327, 328, 329, 330, 331, 332, 333, 334, 335, 336, 337]
  Groupe négatif (reads0): 49 éléments
    Indices: [2, 4, 5, 7, 10, 12, 13, 23, 28, 32, 33, 38, 41, 45, 46, 50, 52, 56, 57, 59, 61, 66, 67, 69, 70, 75, 186, 187, 188, 189, 193, 217, 220, 223, 224, 225, 228, 231, 232, 235, 267, 269, 273, 274, 289, 292, 302, 320, 338]
  Colonnes concernées: 5 éléments
    Indices: [10, 42, 56, 211, 262]
  Ratio: 290:49 (positif:négatif)

----------------------------------------

STEP 16:
  Groupe positif (reads1): 254 éléments
    Indices: [0, 1, 3, 6, 8, 9, 11, 14, 15, 16, 17, 18, 19, 20, 21, 22, 24, 25, 26, 27, 29, 30, 31, 34, 35, 36, 37, 39, 40, 43, 44, 47, 48, 49, 51, 53, 54, 55, 58, 62, 63, 64, 65, 68, 71, 72, 73, 74, 76, 77, 78, 80, 81, 82, 83, 84, 86, 87, 88, 89, 92, 93, 94, 95, 96, 97, 102, 104, 106, 107, 109, 110, 112, 113, 116, 117, 118, 121, 122, 123, 124, 126, 127, 128, 129, 130, 131, 132, 133, 134, 135, 136, 137, 138, 139, 140, 141, 142, 143, 144, 145, 146, 147, 148, 149, 150, 151, 152, 153, 154, 155, 156, 157, 158, 159, 160, 161, 162, 163, 164, 165, 166, 167, 168, 169, 170, 171, 172, 173, 174, 175, 176, 177, 178, 179, 180, 181, 182, 183, 184, 185, 191, 192, 194, 196, 197, 200, 201, 202, 204, 205, 206, 207, 208, 209, 210, 211, 212, 213, 214, 215, 216, 218, 219, 221, 222, 226, 227, 229, 230, 233, 234, 236, 237, 238, 239, 240, 241, 242, 243, 244, 245, 251, 252, 253, 254, 255, 256, 257, 258, 259, 260, 261, 262, 263, 264, 265, 266, 268, 270, 271, 272, 275, 276, 278, 279, 280, 281, 282, 283, 284, 285, 286, 287, 288, 290, 291, 293, 294, 296, 297, 298, 299, 300, 301, 303, 304, 306, 307, 308, 309, 311, 312, 313, 314, 315, 316, 317, 319, 321, 322, 323, 324, 325, 326, 327, 330, 331, 332, 333, 334, 335, 336, 337]
  Groupe négatif (reads0): 81 éléments
    Indices: [2, 4, 5, 7, 10, 12, 13, 23, 28, 32, 33, 38, 41, 45, 46, 50, 52, 56, 57, 59, 60, 61, 66, 67, 69, 70, 75, 79, 85, 90, 91, 99, 100, 101, 103, 105, 111, 114, 119, 120, 125, 186, 187, 188, 189, 190, 193, 195, 198, 199, 203, 217, 220, 223, 224, 225, 228, 231, 232, 235, 246, 247, 248, 249, 250, 267, 269, 273, 274, 277, 289, 292, 295, 302, 305, 310, 318, 320, 328, 329, 338]
  Colonnes concernées: 4 éléments
    Indices: [252, 254, 256, 257]
  Ratio: 254:81 (positif:négatif)

----------------------------------------

STEP 17:
  Groupe positif (reads1): 203 éléments
    Indices: [29, 42, 60, 77, 78, 79, 80, 81, 82, 83, 84, 85, 86, 87, 88, 89, 90, 91, 92, 93, 94, 95, 96, 97, 98, 99, 100, 101, 102, 103, 104, 105, 106, 107, 108, 109, 110, 111, 112, 113, 114, 115, 116, 117, 118, 119, 120, 121, 122, 123, 124, 125, 126, 127, 128, 129, 130, 131, 132, 133, 134, 135, 136, 137, 138, 139, 140, 141, 142, 143, 144, 145, 146, 147, 148, 149, 150, 151, 152, 153, 154, 155, 156, 157, 158, 159, 160, 161, 162, 163, 164, 165, 166, 167, 168, 169, 170, 171, 172, 173, 174, 175, 176, 177, 178, 179, 181, 182, 183, 190, 191, 192, 194, 195, 196, 197, 198, 199, 200, 202, 203, 204, 205, 206, 207, 208, 209, 212, 236, 237, 238, 239, 240, 241, 242, 243, 244, 245, 246, 247, 248, 249, 250, 251, 252, 253, 254, 255, 256, 257, 258, 259, 260, 261, 262, 263, 264, 265, 266, 268, 271, 272, 275, 277, 278, 279, 280, 281, 282, 283, 284, 285, 286, 287, 290, 291, 294, 295, 296, 297, 298, 301, 305, 306, 310, 313, 314, 317, 318, 319, 321, 322, 324, 325, 326, 327, 328, 329, 332, 333, 334, 335, 337]
  Groupe négatif (reads0): 134 éléments
    Indices: [0, 1, 2, 3, 4, 5, 6, 7, 8, 9, 10, 11, 12, 13, 14, 15, 16, 17, 18, 19, 20, 21, 22, 23, 24, 25, 26, 27, 28, 30, 31, 32, 33, 34, 35, 36, 37, 38, 39, 40, 41, 43, 44, 45, 46, 47, 48, 49, 50, 51, 52, 53, 54, 55, 56, 57, 58, 59, 61, 62, 63, 64, 65, 67, 68, 69, 70, 71, 72, 73, 74, 75, 76, 180, 184, 185, 186, 187, 188, 189, 201, 210, 211, 213, 214, 215, 216, 217, 218, 219, 220, 221, 222, 223, 224, 225, 226, 227, 228, 229, 230, 231, 232, 233, 234, 235, 267, 269, 270, 273, 274, 276, 288, 289, 292, 293, 299, 300, 302, 303, 304, 307, 308, 309, 311, 312, 315, 316, 320, 323, 330, 331, 336, 338]
  Colonnes concernées: 3 éléments
    Indices: [134, 137, 202]
  Ratio: 203:134 (positif:négatif)

----------------------------------------

