=== CLUSTERING STEPS POUR matrix_edge_10_54567_59567.csv ===
Nombre d'haplotypes: 4
Timestamp: 2025-06-06T15:36:41.783459
Nombre total de steps: 6

============================================================

STEP 1:
  Groupe positif (reads1): 115 éléments
    Indices: [0, 1, 3, 4, 5, 6, 7, 8, 9, 10, 11, 12, 13, 14, 17, 18, 19, 22, 24, 25, 27, 28, 30, 31, 32, 33, 34, 36, 37, 38, 39, 40, 41, 42, 44, 46, 48, 49, 51, 53, 54, 55, 56, 57, 59, 60, 61, 64, 65, 66, 67, 68, 69, 70, 71, 72, 73, 74, 76, 77, 78, 79, 82, 84, 85, 86, 89, 90, 91, 94, 95, 96, 97, 98, 99, 100, 101, 106, 107, 109, 110, 111, 112, 116, 117, 118, 119, 121, 122, 123, 125, 127, 128, 129, 131, 132, 134, 135, 136, 139, 141, 142, 143, 144, 145, 146, 147, 149, 150, 151, 152, 153, 154, 155, 156]
  Groupe négatif (reads0): 42 éléments
    Indices: [2, 15, 16, 20, 21, 23, 26, 29, 35, 43, 45, 47, 50, 52, 58, 62, 63, 75, 80, 81, 83, 87, 88, 92, 93, 102, 103, 104, 105, 108, 113, 114, 115, 120, 124, 126, 130, 133, 137, 138, 140, 148]
  Colonnes concernées: 4 éléments
    Indices: [15, 102, 116, 129]
  Ratio: 115:42 (positif:négatif)

----------------------------------------

STEP 2:
  Groupe positif (reads1): 80 éléments
    Indices: [1, 3, 6, 8, 9, 10, 11, 12, 13, 14, 17, 19, 24, 25, 27, 30, 32, 34, 36, 38, 40, 42, 45, 46, 48, 49, 51, 54, 55, 57, 59, 60, 61, 64, 66, 67, 69, 70, 71, 72, 73, 74, 76, 77, 78, 82, 84, 85, 86, 90, 91, 94, 95, 98, 100, 106, 107, 109, 110, 111, 112, 117, 123, 125, 128, 131, 132, 136, 142, 143, 145, 146, 149, 150, 151, 152, 153, 154, 155, 156]
  Groupe négatif (reads0): 77 éléments
    Indices: [0, 2, 4, 5, 7, 15, 16, 18, 20, 21, 22, 23, 26, 28, 29, 31, 33, 35, 37, 39, 41, 43, 44, 47, 50, 52, 53, 56, 58, 62, 63, 65, 68, 75, 79, 80, 81, 83, 87, 88, 89, 92, 93, 96, 97, 99, 101, 102, 103, 104, 105, 108, 113, 114, 115, 116, 118, 119, 120, 121, 122, 124, 126, 127, 129, 130, 133, 134, 135, 137, 138, 139, 140, 141, 144, 147, 148]
  Colonnes concernées: 6 éléments
    Indices: [48, 49, 77, 133, 134, 141]
  Ratio: 80:77 (positif:négatif)

----------------------------------------

STEP 3:
  Groupe positif (reads1): 77 éléments
    Indices: [1, 3, 6, 8, 9, 10, 11, 12, 13, 14, 17, 19, 24, 25, 27, 32, 34, 36, 38, 40, 42, 45, 46, 48, 49, 51, 54, 55, 57, 59, 60, 64, 66, 67, 69, 71, 72, 73, 74, 76, 77, 78, 82, 84, 85, 86, 90, 91, 94, 95, 98, 100, 106, 107, 109, 110, 111, 112, 117, 123, 125, 128, 131, 132, 136, 142, 143, 145, 146, 149, 150, 151, 152, 153, 154, 155, 156]
  Groupe négatif (reads0): 80 éléments
    Indices: [0, 2, 4, 5, 7, 15, 16, 18, 20, 21, 22, 23, 26, 28, 29, 30, 31, 33, 35, 37, 39, 41, 43, 44, 47, 50, 52, 53, 56, 58, 61, 62, 63, 65, 68, 70, 75, 79, 80, 81, 83, 87, 88, 89, 92, 93, 96, 97, 99, 101, 102, 103, 104, 105, 108, 113, 114, 115, 116, 118, 119, 120, 121, 122, 124, 126, 127, 129, 130, 133, 134, 135, 137, 138, 139, 140, 141, 144, 147, 148]
  Colonnes concernées: 3 éléments
    Indices: [11, 22, 64]
  Ratio: 77:80 (positif:négatif)

----------------------------------------

STEP 4:
  Groupe positif (reads1): 38 éléments
    Indices: [1, 3, 6, 8, 11, 12, 14, 17, 25, 30, 38, 40, 45, 48, 54, 55, 61, 76, 77, 84, 85, 91, 95, 100, 106, 107, 110, 123, 125, 136, 142, 143, 145, 146, 150, 152, 153, 156]
  Groupe négatif (reads0): 119 éléments
    Indices: [0, 2, 4, 5, 7, 9, 10, 13, 15, 16, 18, 19, 20, 21, 22, 23, 24, 26, 27, 28, 29, 31, 32, 33, 34, 35, 36, 37, 39, 41, 42, 43, 44, 46, 47, 49, 50, 51, 52, 53, 56, 57, 58, 59, 60, 62, 63, 64, 65, 66, 67, 68, 69, 70, 71, 72, 73, 74, 75, 78, 79, 80, 81, 82, 83, 86, 87, 88, 89, 90, 92, 93, 94, 96, 97, 98, 99, 101, 102, 103, 104, 105, 108, 109, 111, 112, 113, 114, 115, 116, 117, 118, 119, 120, 121, 122, 124, 126, 127, 128, 129, 130, 131, 132, 133, 134, 135, 137, 138, 139, 140, 141, 144, 147, 148, 149, 151, 154, 155]
  Colonnes concernées: 3 éléments
    Indices: [44, 113, 118]
  Ratio: 38:119 (positif:négatif)

----------------------------------------

STEP 5:
  Groupe positif (reads1): 121 éléments
    Indices: [1, 2, 3, 6, 8, 9, 10, 11, 12, 13, 14, 15, 16, 17, 19, 20, 21, 23, 24, 25, 26, 27, 29, 30, 32, 34, 35, 36, 38, 40, 42, 43, 45, 46, 47, 48, 49, 50, 51, 52, 54, 55, 57, 58, 59, 60, 61, 62, 63, 64, 66, 67, 69, 70, 71, 72, 73, 74, 75, 76, 77, 78, 80, 81, 82, 83, 84, 85, 86, 87, 88, 90, 91, 92, 93, 94, 95, 98, 100, 102, 103, 104, 105, 106, 107, 108, 109, 110, 111, 112, 113, 114, 115, 117, 120, 123, 124, 125, 126, 128, 130, 131, 132, 133, 136, 137, 138, 140, 142, 143, 145, 146, 148, 149, 150, 151, 152, 153, 154, 155, 156]
  Groupe négatif (reads0): 36 éléments
    Indices: [0, 4, 5, 7, 18, 22, 28, 31, 33, 37, 39, 41, 44, 53, 56, 65, 68, 79, 89, 96, 97, 99, 101, 116, 118, 119, 121, 122, 127, 129, 134, 135, 139, 141, 144, 147]
  Colonnes concernées: 8 éléments
    Indices: [55, 57, 83, 94, 99, 101, 138, 149]
  Ratio: 121:36 (positif:négatif)

----------------------------------------

STEP 6:
  Groupe positif (reads1): 117 éléments
    Indices: [0, 1, 2, 3, 4, 5, 6, 7, 8, 11, 12, 14, 15, 16, 17, 18, 20, 21, 22, 23, 25, 26, 28, 29, 30, 31, 33, 35, 37, 38, 39, 40, 41, 43, 44, 45, 47, 48, 50, 52, 53, 54, 55, 56, 57, 58, 61, 62, 63, 65, 68, 75, 76, 77, 79, 80, 81, 83, 84, 85, 87, 88, 89, 91, 92, 93, 95, 96, 97, 99, 100, 101, 102, 103, 104, 105, 106, 107, 108, 110, 113, 114, 115, 116, 118, 119, 120, 121, 122, 123, 124, 125, 126, 127, 129, 130, 131, 133, 134, 135, 136, 137, 138, 139, 140, 141, 142, 143, 144, 145, 146, 147, 148, 150, 152, 153, 156]
  Groupe négatif (reads0): 40 éléments
    Indices: [9, 10, 13, 19, 24, 27, 32, 34, 36, 42, 46, 49, 51, 59, 60, 64, 66, 67, 69, 70, 71, 72, 73, 74, 78, 82, 86, 90, 94, 98, 109, 111, 112, 117, 128, 132, 149, 151, 154, 155]
  Colonnes concernées: 14 éléments
    Indices: [4, 41, 65, 89, 107, 110, 111, 114, 115, 119, 120, 126, 127, 130]
  Ratio: 117:40 (positif:négatif)

----------------------------------------

