=== CLUSTERING STEPS POUR matrix_edge_10_72756_77756.csv ===
Nombre d'haplotypes: 4
Timestamp: 2025-06-06T15:36:42.915637
Nombre total de steps: 8

============================================================

STEP 1:
  Groupe positif (reads1): 2 éléments
    Indices: [26, 46]
  Groupe négatif (reads0): 68 éléments
    Indices: [0, 1, 2, 3, 4, 5, 6, 7, 8, 9, 10, 11, 12, 13, 14, 15, 16, 17, 18, 19, 20, 21, 22, 23, 24, 25, 27, 28, 29, 30, 31, 32, 33, 34, 35, 36, 37, 38, 39, 40, 41, 42, 43, 44, 45, 47, 48, 49, 50, 51, 52, 53, 54, 55, 56, 57, 58, 59, 60, 61, 62, 63, 64, 65, 66, 67, 68, 69]
  Colonnes concernées: 6 éléments
    Indices: [30, 35, 64, 68, 88, 155]
  Ratio: 2:68 (positif:négatif)

----------------------------------------

STEP 2:
  Groupe positif (reads1): 1 éléments
    Indices: [33]
  Groupe négatif (reads0): 69 éléments
    Indices: [0, 1, 2, 3, 4, 5, 6, 7, 8, 9, 10, 11, 12, 13, 14, 15, 16, 17, 18, 19, 20, 21, 22, 23, 24, 25, 26, 27, 28, 29, 30, 31, 32, 34, 35, 36, 37, 38, 39, 40, 41, 42, 43, 44, 45, 46, 47, 48, 49, 50, 51, 52, 53, 54, 55, 56, 57, 58, 59, 60, 61, 62, 63, 64, 65, 66, 67, 68, 69]
  Colonnes concernées: 5 éléments
    Indices: [37, 133, 200, 217, 224]
  Ratio: 1:69 (positif:négatif)

----------------------------------------

STEP 3:
  Groupe positif (reads1): 1 éléments
    Indices: [3]
  Groupe négatif (reads0): 69 éléments
    Indices: [0, 1, 2, 4, 5, 6, 7, 8, 9, 10, 11, 12, 13, 14, 15, 16, 17, 18, 19, 20, 21, 22, 23, 24, 25, 26, 27, 28, 29, 30, 31, 32, 33, 34, 35, 36, 37, 38, 39, 40, 41, 42, 43, 44, 45, 46, 47, 48, 49, 50, 51, 52, 53, 54, 55, 56, 57, 58, 59, 60, 61, 62, 63, 64, 65, 66, 67, 68, 69]
  Colonnes concernées: 3 éléments
    Indices: [47, 100, 172]
  Ratio: 1:69 (positif:négatif)

----------------------------------------

STEP 4:
  Groupe positif (reads1): 1 éléments
    Indices: [8]
  Groupe négatif (reads0): 69 éléments
    Indices: [0, 1, 2, 3, 4, 5, 6, 7, 9, 10, 11, 12, 13, 14, 15, 16, 17, 18, 19, 20, 21, 22, 23, 24, 25, 26, 27, 28, 29, 30, 31, 32, 33, 34, 35, 36, 37, 38, 39, 40, 41, 42, 43, 44, 45, 46, 47, 48, 49, 50, 51, 52, 53, 54, 55, 56, 57, 58, 59, 60, 61, 62, 63, 64, 65, 66, 67, 68, 69]
  Colonnes concernées: 3 éléments
    Indices: [55, 82, 178]
  Ratio: 1:69 (positif:négatif)

----------------------------------------

STEP 5:
  Groupe positif (reads1): 1 éléments
    Indices: [69]
  Groupe négatif (reads0): 69 éléments
    Indices: [0, 1, 2, 3, 4, 5, 6, 7, 8, 9, 10, 11, 12, 13, 14, 15, 16, 17, 18, 19, 20, 21, 22, 23, 24, 25, 26, 27, 28, 29, 30, 31, 32, 33, 34, 35, 36, 37, 38, 39, 40, 41, 42, 43, 44, 45, 46, 47, 48, 49, 50, 51, 52, 53, 54, 55, 56, 57, 58, 59, 60, 61, 62, 63, 64, 65, 66, 67, 68]
  Colonnes concernées: 3 éléments
    Indices: [69, 99, 207]
  Ratio: 1:69 (positif:négatif)

----------------------------------------

STEP 6:
  Groupe positif (reads1): 1 éléments
    Indices: [49]
  Groupe négatif (reads0): 69 éléments
    Indices: [0, 1, 2, 3, 4, 5, 6, 7, 8, 9, 10, 11, 12, 13, 14, 15, 16, 17, 18, 19, 20, 21, 22, 23, 24, 25, 26, 27, 28, 29, 30, 31, 32, 33, 34, 35, 36, 37, 38, 39, 40, 41, 42, 43, 44, 45, 46, 47, 48, 50, 51, 52, 53, 54, 55, 56, 57, 58, 59, 60, 61, 62, 63, 64, 65, 66, 67, 68, 69]
  Colonnes concernées: 3 éléments
    Indices: [122, 212, 225]
  Ratio: 1:69 (positif:négatif)

----------------------------------------

STEP 7:
  Groupe positif (reads1): 41 éléments
    Indices: [0, 1, 2, 3, 4, 5, 6, 7, 8, 9, 12, 13, 14, 16, 17, 18, 26, 28, 29, 30, 31, 32, 33, 34, 41, 43, 44, 46, 48, 49, 50, 51, 52, 53, 57, 58, 59, 61, 66, 68, 69]
  Groupe négatif (reads0): 29 éléments
    Indices: [10, 11, 15, 19, 20, 21, 22, 23, 24, 25, 27, 35, 36, 37, 38, 39, 40, 42, 45, 47, 54, 55, 56, 60, 62, 63, 64, 65, 67]
  Colonnes concernées: 6 éléments
    Indices: [6, 7, 20, 22, 94, 229]
  Ratio: 41:29 (positif:négatif)

----------------------------------------

STEP 8:
  Groupe positif (reads1): 39 éléments
    Indices: [0, 1, 2, 3, 4, 5, 6, 7, 8, 9, 12, 13, 14, 16, 17, 18, 28, 29, 30, 31, 32, 33, 34, 41, 43, 44, 48, 49, 50, 51, 52, 53, 57, 58, 59, 61, 66, 68, 69]
  Groupe négatif (reads0): 31 éléments
    Indices: [10, 11, 15, 19, 20, 21, 22, 23, 24, 25, 26, 27, 35, 36, 37, 38, 39, 40, 42, 45, 46, 47, 54, 55, 56, 60, 62, 63, 64, 65, 67]
  Colonnes concernées: 5 éléments
    Indices: [24, 56, 73, 144, 159]
  Ratio: 39:31 (positif:négatif)

----------------------------------------

