=== CLUSTERING STEPS POUR matrix_edge_11_97757_102757.csv ===
Nombre d'haplotypes: 4
Timestamp: 2025-06-06T15:36:48.246007
Nombre total de steps: 5

============================================================

STEP 1:
  Groupe positif (reads1): 2 éléments
    Indices: [57, 66]
  Groupe négatif (reads0): 99 éléments
    Indices: [0, 1, 2, 3, 4, 5, 6, 7, 8, 9, 10, 11, 12, 13, 14, 15, 16, 17, 18, 19, 20, 21, 22, 23, 24, 25, 26, 27, 28, 29, 30, 31, 32, 33, 34, 35, 36, 37, 38, 39, 40, 41, 42, 43, 44, 45, 46, 47, 48, 49, 50, 51, 52, 53, 54, 55, 56, 58, 59, 60, 61, 62, 63, 64, 65, 67, 68, 69, 70, 71, 72, 73, 74, 75, 76, 77, 78, 79, 80, 81, 82, 83, 84, 85, 86, 87, 88, 89, 90, 91, 92, 93, 94, 95, 96, 97, 98, 99, 100]
  Colonnes concernées: 3 éléments
    Indices: [31, 154, 172]
  Ratio: 2:99 (positif:négatif)

----------------------------------------

STEP 2:
  Groupe positif (reads1): 85 éléments
    Indices: [11, 12, 13, 14, 15, 16, 17, 18, 19, 20, 21, 22, 23, 24, 25, 26, 27, 28, 29, 30, 31, 32, 33, 34, 35, 36, 37, 38, 39, 40, 41, 42, 43, 44, 45, 46, 47, 48, 49, 50, 51, 52, 53, 54, 55, 56, 57, 58, 59, 60, 61, 62, 63, 64, 65, 69, 70, 71, 72, 73, 74, 75, 76, 77, 78, 79, 82, 83, 84, 85, 86, 87, 88, 89, 90, 91, 92, 93, 94, 95, 96, 97, 98, 99, 100]
  Groupe négatif (reads0): 16 éléments
    Indices: [0, 1, 2, 3, 4, 5, 6, 7, 8, 9, 10, 66, 67, 68, 80, 81]
  Colonnes concernées: 3 éléments
    Indices: [5, 116, 128]
  Ratio: 85:16 (positif:négatif)

----------------------------------------

STEP 3:
  Groupe positif (reads1): 18 éléments
    Indices: [0, 1, 2, 3, 4, 5, 6, 7, 8, 9, 10, 11, 66, 67, 68, 80, 81, 96]
  Groupe négatif (reads0): 83 éléments
    Indices: [12, 13, 14, 15, 16, 17, 18, 19, 20, 21, 22, 23, 24, 25, 26, 27, 28, 29, 30, 31, 32, 33, 34, 35, 36, 37, 38, 39, 40, 41, 42, 43, 44, 45, 46, 47, 48, 49, 50, 51, 52, 53, 54, 55, 56, 57, 58, 59, 60, 61, 62, 63, 64, 65, 69, 70, 71, 72, 73, 74, 75, 76, 77, 78, 79, 82, 83, 84, 85, 86, 87, 88, 89, 90, 91, 92, 93, 94, 95, 97, 98, 99, 100]
  Colonnes concernées: 15 éléments
    Indices: [53, 54, 80, 96, 114, 133, 138, 180, 181, 186, 196, 209, 227, 229, 233]
  Ratio: 18:83 (positif:négatif)

----------------------------------------

STEP 4:
  Groupe positif (reads1): 66 éléments
    Indices: [0, 1, 2, 3, 4, 5, 6, 7, 8, 9, 10, 11, 15, 16, 17, 18, 19, 20, 21, 22, 29, 30, 31, 32, 33, 34, 35, 36, 37, 38, 39, 40, 42, 43, 44, 46, 47, 48, 49, 51, 53, 54, 56, 59, 60, 61, 62, 63, 64, 65, 66, 67, 68, 71, 73, 74, 75, 77, 79, 80, 81, 82, 85, 87, 97, 99]
  Groupe négatif (reads0): 35 éléments
    Indices: [12, 13, 14, 23, 24, 25, 26, 27, 28, 41, 45, 50, 52, 55, 57, 58, 69, 70, 72, 76, 78, 83, 84, 86, 88, 89, 90, 91, 92, 93, 94, 95, 96, 98, 100]
  Colonnes concernées: 9 éléments
    Indices: [41, 44, 60, 61, 70, 155, 156, 198, 221]
  Ratio: 66:35 (positif:négatif)

----------------------------------------

STEP 5:
  Groupe positif (reads1): 52 éléments
    Indices: [0, 1, 2, 3, 4, 5, 6, 7, 8, 9, 10, 11, 12, 13, 14, 23, 24, 25, 26, 27, 28, 41, 45, 50, 52, 55, 57, 58, 66, 67, 68, 69, 70, 72, 76, 78, 80, 81, 83, 84, 86, 88, 89, 90, 91, 92, 93, 94, 95, 96, 98, 100]
  Groupe négatif (reads0): 49 éléments
    Indices: [15, 16, 17, 18, 19, 20, 21, 22, 29, 30, 31, 32, 33, 34, 35, 36, 37, 38, 39, 40, 42, 43, 44, 46, 47, 48, 49, 51, 53, 54, 56, 59, 60, 61, 62, 63, 64, 65, 71, 73, 74, 75, 77, 79, 82, 85, 87, 97, 99]
  Colonnes concernées: 13 éléments
    Indices: [58, 69, 71, 72, 74, 75, 77, 78, 125, 142, 165, 216, 218]
  Ratio: 52:49 (positif:négatif)

----------------------------------------

