=== CLUSTERING STEPS POUR matrix_edge_2_237286_242286.csv ===
Nombre d'haplotypes: 4
Timestamp: 2025-06-06T15:36:36.277532
Nombre total de steps: 23

============================================================

STEP 1:
  Groupe positif (reads1): 198 éléments
    Indices: [0, 2, 5, 9, 10, 13, 24, 27, 28, 29, 32, 33, 35, 36, 37, 40, 41, 42, 45, 46, 48, 49, 51, 60, 61, 64, 66, 67, 68, 70, 72, 77, 78, 79, 80, 81, 82, 83, 84, 85, 86, 87, 88, 89, 90, 91, 92, 93, 94, 95, 96, 97, 98, 99, 100, 101, 102, 104, 107, 108, 116, 119, 122, 123, 124, 125, 126, 129, 130, 131, 133, 134, 135, 136, 137, 138, 139, 140, 141, 142, 143, 144, 145, 146, 147, 148, 149, 150, 152, 153, 154, 155, 158, 159, 160, 161, 162, 165, 167, 168, 171, 172, 176, 179, 180, 181, 187, 188, 190, 191, 192, 193, 194, 195, 196, 197, 199, 201, 202, 204, 205, 206, 207, 208, 211, 212, 213, 214, 217, 218, 220, 221, 222, 223, 225, 227, 228, 229, 230, 234, 235, 237, 239, 241, 242, 243, 244, 245, 246, 247, 255, 256, 258, 260, 262, 263, 264, 269, 270, 272, 273, 274, 276, 278, 279, 281, 282, 284, 286, 288, 289, 293, 296, 298, 300, 302, 305, 306, 307, 310, 312, 313, 315, 316, 319, 320, 324, 325, 326, 327, 336, 337, 339, 341, 342, 346, 347, 349]
  Groupe négatif (reads0): 152 éléments
    Indices: [1, 3, 4, 6, 7, 8, 11, 12, 14, 15, 16, 17, 18, 19, 20, 21, 22, 23, 25, 26, 30, 31, 34, 38, 39, 43, 44, 47, 50, 52, 53, 54, 55, 56, 57, 58, 59, 62, 63, 65, 69, 71, 73, 74, 75, 76, 103, 105, 106, 109, 110, 111, 112, 113, 114, 115, 117, 118, 120, 121, 127, 128, 132, 151, 156, 157, 163, 164, 166, 169, 170, 173, 174, 175, 177, 178, 182, 183, 184, 185, 186, 189, 198, 200, 203, 209, 210, 215, 216, 219, 224, 226, 231, 232, 233, 236, 238, 240, 248, 249, 250, 251, 252, 253, 254, 257, 259, 261, 265, 266, 267, 268, 271, 275, 277, 280, 283, 285, 287, 290, 291, 292, 294, 295, 297, 299, 301, 303, 304, 308, 309, 311, 314, 317, 318, 321, 322, 323, 328, 329, 330, 331, 332, 333, 334, 335, 338, 340, 343, 344, 345, 348]
  Colonnes concernées: 4 éléments
    Indices: [66, 67, 69, 76]
  Ratio: 198:152 (positif:négatif)

----------------------------------------

STEP 2:
  Groupe positif (reads1): 305 éléments
    Indices: [0, 1, 3, 4, 5, 6, 7, 8, 9, 10, 11, 12, 13, 14, 17, 18, 19, 20, 21, 23, 26, 27, 28, 29, 30, 31, 32, 33, 34, 35, 36, 37, 39, 40, 41, 42, 43, 44, 45, 46, 47, 48, 49, 50, 51, 52, 53, 56, 57, 58, 59, 60, 61, 62, 63, 64, 65, 66, 67, 68, 69, 70, 71, 72, 73, 75, 76, 77, 78, 79, 80, 81, 82, 83, 84, 85, 86, 87, 88, 89, 91, 92, 93, 94, 95, 96, 97, 99, 101, 102, 104, 107, 109, 110, 111, 112, 113, 114, 115, 116, 117, 118, 119, 120, 121, 122, 123, 124, 125, 126, 127, 128, 129, 130, 131, 132, 133, 135, 136, 137, 138, 139, 140, 141, 142, 144, 145, 146, 147, 148, 149, 150, 151, 152, 153, 154, 156, 157, 158, 159, 160, 161, 162, 163, 165, 166, 167, 168, 170, 171, 172, 173, 175, 176, 177, 178, 179, 180, 181, 182, 183, 184, 185, 186, 187, 188, 189, 191, 192, 193, 194, 195, 197, 198, 199, 202, 204, 205, 206, 207, 209, 211, 212, 213, 214, 215, 217, 219, 220, 221, 222, 223, 224, 225, 226, 227, 228, 229, 230, 232, 234, 235, 237, 238, 239, 241, 242, 243, 244, 245, 246, 247, 248, 249, 250, 251, 252, 253, 254, 255, 256, 257, 258, 259, 261, 262, 263, 264, 265, 266, 267, 268, 269, 270, 272, 273, 276, 277, 278, 279, 280, 281, 282, 284, 285, 286, 287, 288, 289, 290, 291, 292, 293, 294, 295, 296, 297, 298, 299, 300, 301, 302, 304, 305, 306, 307, 308, 310, 311, 313, 314, 315, 316, 317, 318, 319, 320, 321, 322, 323, 324, 325, 327, 328, 329, 330, 331, 332, 333, 334, 335, 336, 337, 338, 339, 340, 341, 342, 343, 344, 345, 346, 347, 348, 349]
  Groupe négatif (reads0): 45 éléments
    Indices: [2, 15, 16, 22, 24, 25, 38, 54, 55, 74, 90, 98, 100, 103, 105, 106, 108, 134, 143, 155, 164, 169, 174, 190, 196, 200, 201, 203, 208, 210, 216, 218, 231, 233, 236, 240, 260, 271, 274, 275, 283, 303, 309, 312, 326]
  Colonnes concernées: 3 éléments
    Indices: [2, 151, 152]
  Ratio: 305:45 (positif:négatif)

----------------------------------------

STEP 3:
  Groupe positif (reads1): 309 éléments
    Indices: [0, 1, 2, 3, 4, 5, 6, 7, 8, 9, 10, 11, 12, 13, 14, 17, 18, 19, 20, 21, 23, 26, 27, 28, 29, 30, 31, 33, 34, 35, 36, 37, 39, 40, 41, 42, 43, 44, 45, 46, 47, 48, 49, 50, 51, 52, 53, 56, 57, 58, 59, 60, 61, 62, 63, 64, 65, 66, 67, 68, 69, 70, 71, 72, 73, 75, 76, 77, 78, 79, 80, 81, 82, 83, 84, 85, 86, 87, 88, 89, 91, 92, 93, 94, 95, 96, 97, 99, 101, 102, 104, 107, 109, 110, 111, 112, 113, 114, 115, 116, 117, 118, 119, 120, 121, 122, 123, 124, 125, 126, 127, 128, 129, 130, 131, 132, 133, 135, 136, 137, 138, 139, 140, 141, 142, 143, 144, 145, 146, 147, 148, 149, 150, 151, 152, 153, 154, 156, 157, 158, 159, 160, 161, 162, 163, 165, 166, 167, 168, 170, 171, 172, 173, 175, 176, 177, 178, 179, 180, 181, 182, 183, 184, 185, 186, 187, 188, 189, 191, 192, 193, 194, 195, 197, 198, 199, 202, 204, 205, 206, 207, 208, 209, 211, 212, 213, 214, 215, 217, 219, 220, 221, 222, 223, 224, 225, 226, 227, 228, 229, 230, 232, 234, 235, 236, 237, 238, 239, 241, 242, 243, 244, 245, 246, 247, 248, 249, 250, 251, 252, 253, 254, 255, 256, 257, 258, 259, 260, 261, 262, 263, 264, 265, 266, 267, 268, 269, 270, 272, 273, 276, 277, 278, 279, 280, 281, 282, 284, 285, 286, 287, 288, 289, 290, 291, 292, 293, 294, 295, 296, 297, 298, 299, 300, 301, 302, 304, 305, 307, 308, 310, 311, 313, 314, 315, 316, 317, 318, 319, 320, 321, 322, 323, 324, 325, 326, 327, 328, 329, 330, 331, 332, 333, 334, 335, 336, 337, 338, 339, 340, 341, 342, 343, 344, 345, 346, 347, 348, 349]
  Groupe négatif (reads0): 41 éléments
    Indices: [15, 16, 22, 24, 25, 32, 38, 54, 55, 74, 90, 98, 100, 103, 105, 106, 108, 134, 155, 164, 169, 174, 190, 196, 200, 201, 203, 210, 216, 218, 231, 233, 240, 271, 274, 275, 283, 303, 306, 309, 312]
  Colonnes concernées: 4 éléments
    Indices: [3, 144, 159, 195]
  Ratio: 309:41 (positif:négatif)

----------------------------------------

STEP 4:
  Groupe positif (reads1): 309 éléments
    Indices: [0, 1, 3, 4, 5, 6, 7, 8, 9, 10, 11, 12, 13, 14, 17, 18, 19, 20, 21, 23, 26, 27, 28, 29, 30, 31, 32, 33, 34, 35, 36, 37, 39, 40, 41, 42, 43, 44, 45, 46, 47, 48, 49, 50, 51, 52, 53, 56, 57, 58, 59, 60, 61, 62, 63, 64, 65, 66, 67, 68, 69, 70, 71, 72, 73, 75, 76, 77, 78, 79, 80, 81, 82, 83, 84, 85, 86, 87, 88, 89, 91, 92, 93, 94, 95, 96, 97, 99, 101, 102, 104, 107, 109, 110, 111, 112, 113, 114, 115, 116, 117, 118, 119, 120, 121, 122, 123, 124, 125, 126, 127, 128, 129, 130, 131, 132, 133, 135, 136, 137, 138, 139, 140, 141, 142, 143, 144, 145, 146, 147, 148, 149, 150, 151, 152, 153, 154, 156, 157, 158, 159, 160, 161, 162, 163, 165, 166, 167, 168, 170, 171, 172, 173, 175, 176, 177, 178, 179, 180, 181, 182, 183, 184, 185, 186, 187, 188, 189, 191, 192, 193, 194, 195, 197, 198, 199, 202, 204, 205, 206, 207, 208, 209, 211, 212, 213, 214, 215, 217, 219, 220, 221, 222, 223, 224, 225, 226, 227, 228, 229, 230, 232, 234, 235, 237, 238, 239, 241, 242, 243, 244, 245, 246, 247, 248, 249, 250, 251, 252, 253, 254, 255, 256, 257, 258, 259, 260, 261, 262, 263, 264, 265, 266, 267, 268, 269, 270, 272, 273, 276, 277, 278, 279, 280, 281, 282, 284, 285, 286, 287, 288, 289, 290, 291, 292, 293, 294, 295, 296, 297, 298, 299, 300, 301, 302, 304, 305, 306, 307, 308, 310, 311, 313, 314, 315, 316, 317, 318, 319, 320, 321, 322, 323, 324, 325, 326, 327, 328, 329, 330, 331, 332, 333, 334, 335, 336, 337, 338, 339, 340, 341, 342, 343, 344, 345, 346, 347, 348, 349]
  Groupe négatif (reads0): 41 éléments
    Indices: [2, 15, 16, 22, 24, 25, 38, 54, 55, 74, 90, 98, 100, 103, 105, 106, 108, 134, 155, 164, 169, 174, 190, 196, 200, 201, 203, 210, 216, 218, 231, 233, 236, 240, 271, 274, 275, 283, 303, 309, 312]
  Colonnes concernées: 33 éléments
    Indices: [5, 9, 10, 120, 122, 123, 124, 125, 127, 128, 129, 130, 138, 141, 142, 143, 148, 153, 154, 157, 158, 160, 161, 170, 171, 189, 223, 229, 245, 247, 249, 251, 252]
  Ratio: 309:41 (positif:négatif)

----------------------------------------

STEP 5:
  Groupe positif (reads1): 40 éléments
    Indices: [2, 15, 16, 22, 24, 25, 38, 54, 55, 74, 90, 98, 100, 103, 105, 106, 108, 134, 155, 164, 169, 174, 190, 196, 200, 201, 203, 210, 218, 231, 233, 236, 240, 271, 274, 275, 283, 303, 309, 312]
  Groupe négatif (reads0): 310 éléments
    Indices: [0, 1, 3, 4, 5, 6, 7, 8, 9, 10, 11, 12, 13, 14, 17, 18, 19, 20, 21, 23, 26, 27, 28, 29, 30, 31, 32, 33, 34, 35, 36, 37, 39, 40, 41, 42, 43, 44, 45, 46, 47, 48, 49, 50, 51, 52, 53, 56, 57, 58, 59, 60, 61, 62, 63, 64, 65, 66, 67, 68, 69, 70, 71, 72, 73, 75, 76, 77, 78, 79, 80, 81, 82, 83, 84, 85, 86, 87, 88, 89, 91, 92, 93, 94, 95, 96, 97, 99, 101, 102, 104, 107, 109, 110, 111, 112, 113, 114, 115, 116, 117, 118, 119, 120, 121, 122, 123, 124, 125, 126, 127, 128, 129, 130, 131, 132, 133, 135, 136, 137, 138, 139, 140, 141, 142, 143, 144, 145, 146, 147, 148, 149, 150, 151, 152, 153, 154, 156, 157, 158, 159, 160, 161, 162, 163, 165, 166, 167, 168, 170, 171, 172, 173, 175, 176, 177, 178, 179, 180, 181, 182, 183, 184, 185, 186, 187, 188, 189, 191, 192, 193, 194, 195, 197, 198, 199, 202, 204, 205, 206, 207, 208, 209, 211, 212, 213, 214, 215, 216, 217, 219, 220, 221, 222, 223, 224, 225, 226, 227, 228, 229, 230, 232, 234, 235, 237, 238, 239, 241, 242, 243, 244, 245, 246, 247, 248, 249, 250, 251, 252, 253, 254, 255, 256, 257, 258, 259, 260, 261, 262, 263, 264, 265, 266, 267, 268, 269, 270, 272, 273, 276, 277, 278, 279, 280, 281, 282, 284, 285, 286, 287, 288, 289, 290, 291, 292, 293, 294, 295, 296, 297, 298, 299, 300, 301, 302, 304, 305, 306, 307, 308, 310, 311, 313, 314, 315, 316, 317, 318, 319, 320, 321, 322, 323, 324, 325, 326, 327, 328, 329, 330, 331, 332, 333, 334, 335, 336, 337, 338, 339, 340, 341, 342, 343, 344, 345, 346, 347, 348, 349]
  Colonnes concernées: 6 éléments
    Indices: [8, 121, 132, 133, 135, 257]
  Ratio: 40:310 (positif:négatif)

----------------------------------------

STEP 6:
  Groupe positif (reads1): 310 éléments
    Indices: [0, 1, 3, 4, 5, 6, 7, 8, 9, 10, 11, 12, 13, 14, 17, 18, 19, 20, 21, 23, 26, 27, 28, 29, 30, 31, 32, 33, 34, 35, 36, 37, 39, 40, 41, 42, 43, 44, 45, 46, 47, 48, 49, 50, 51, 52, 53, 56, 57, 58, 59, 60, 61, 62, 63, 64, 65, 66, 67, 68, 69, 70, 71, 72, 73, 75, 76, 77, 78, 79, 80, 81, 82, 83, 84, 85, 86, 87, 88, 89, 91, 92, 93, 94, 95, 96, 97, 99, 101, 102, 104, 107, 109, 110, 111, 112, 113, 114, 115, 116, 117, 118, 119, 120, 121, 122, 123, 124, 125, 126, 127, 128, 129, 130, 131, 132, 133, 135, 136, 137, 138, 139, 140, 141, 142, 143, 144, 145, 146, 147, 148, 149, 150, 151, 152, 153, 154, 156, 157, 158, 159, 160, 161, 162, 163, 165, 166, 167, 168, 169, 170, 171, 172, 173, 175, 176, 177, 178, 179, 180, 181, 182, 183, 184, 185, 186, 187, 188, 189, 191, 192, 193, 194, 195, 197, 198, 199, 202, 204, 205, 206, 207, 208, 209, 211, 212, 213, 214, 215, 217, 219, 220, 221, 222, 223, 224, 225, 226, 227, 228, 229, 230, 232, 234, 235, 237, 238, 239, 241, 242, 243, 244, 245, 246, 247, 248, 249, 250, 251, 252, 253, 254, 255, 256, 257, 258, 259, 260, 261, 262, 263, 264, 265, 266, 267, 268, 269, 270, 272, 273, 276, 277, 278, 279, 280, 281, 282, 284, 285, 286, 287, 288, 289, 290, 291, 292, 293, 294, 295, 296, 297, 298, 299, 300, 301, 302, 304, 305, 306, 307, 308, 310, 311, 313, 314, 315, 316, 317, 318, 319, 320, 321, 322, 323, 324, 325, 326, 327, 328, 329, 330, 331, 332, 333, 334, 335, 336, 337, 338, 339, 340, 341, 342, 343, 344, 345, 346, 347, 348, 349]
  Groupe négatif (reads0): 40 éléments
    Indices: [2, 15, 16, 22, 24, 25, 38, 54, 55, 74, 90, 98, 100, 103, 105, 106, 108, 134, 155, 164, 174, 190, 196, 200, 201, 203, 210, 216, 218, 231, 233, 236, 240, 271, 274, 275, 283, 303, 309, 312]
  Colonnes concernées: 4 éléments
    Indices: [140, 145, 155, 163]
  Ratio: 310:40 (positif:négatif)

----------------------------------------

STEP 7:
  Groupe positif (reads1): 308 éléments
    Indices: [0, 1, 2, 3, 5, 6, 7, 8, 9, 10, 13, 14, 15, 16, 19, 20, 22, 23, 24, 25, 27, 28, 29, 31, 32, 33, 35, 36, 37, 40, 41, 42, 45, 46, 47, 48, 49, 50, 51, 54, 55, 56, 58, 59, 60, 61, 63, 64, 66, 67, 68, 70, 72, 73, 74, 75, 76, 77, 78, 79, 80, 81, 82, 83, 84, 85, 86, 87, 88, 89, 90, 91, 92, 93, 94, 95, 96, 97, 98, 99, 100, 101, 102, 103, 104, 105, 106, 107, 108, 111, 112, 113, 115, 116, 117, 118, 119, 120, 121, 122, 123, 124, 125, 126, 127, 128, 129, 130, 131, 132, 133, 134, 135, 136, 137, 138, 139, 140, 141, 142, 143, 144, 145, 146, 147, 148, 149, 150, 151, 152, 153, 154, 155, 156, 157, 158, 159, 160, 161, 162, 163, 164, 165, 166, 167, 168, 169, 170, 171, 172, 173, 174, 175, 176, 177, 178, 179, 180, 181, 183, 184, 185, 186, 187, 188, 189, 190, 191, 192, 193, 194, 195, 196, 197, 198, 199, 200, 201, 202, 203, 204, 205, 206, 207, 208, 210, 211, 212, 213, 214, 215, 216, 217, 218, 220, 221, 222, 223, 225, 227, 228, 229, 230, 231, 233, 234, 235, 236, 237, 238, 239, 240, 241, 242, 243, 244, 245, 246, 247, 248, 249, 250, 251, 252, 254, 255, 256, 257, 258, 259, 260, 261, 262, 263, 264, 267, 268, 269, 270, 271, 272, 273, 274, 275, 276, 277, 278, 279, 280, 281, 282, 283, 284, 285, 286, 288, 289, 290, 291, 292, 293, 294, 295, 296, 297, 298, 299, 300, 302, 303, 304, 305, 306, 307, 308, 309, 310, 311, 312, 313, 314, 315, 316, 317, 318, 319, 320, 321, 323, 324, 325, 326, 327, 329, 330, 331, 333, 336, 337, 338, 339, 340, 341, 342, 344, 346, 347, 349]
  Groupe négatif (reads0): 42 éléments
    Indices: [4, 11, 12, 17, 18, 21, 26, 30, 34, 38, 39, 43, 44, 52, 53, 57, 62, 65, 69, 71, 109, 110, 114, 182, 209, 219, 224, 226, 232, 253, 265, 266, 287, 301, 322, 328, 332, 334, 335, 343, 345, 348]
  Colonnes concernées: 3 éléments
    Indices: [181, 187, 220]
  Ratio: 308:42 (positif:négatif)

----------------------------------------

STEP 8:
  Groupe positif (reads1): 265 éléments
    Indices: [0, 1, 3, 5, 6, 7, 8, 9, 10, 13, 14, 19, 20, 23, 27, 28, 29, 31, 32, 33, 35, 36, 37, 40, 41, 42, 45, 46, 47, 48, 49, 50, 51, 52, 56, 58, 59, 60, 61, 63, 64, 66, 67, 68, 70, 72, 73, 75, 76, 77, 78, 79, 80, 81, 82, 83, 84, 85, 86, 87, 88, 89, 91, 92, 93, 94, 95, 96, 97, 99, 101, 102, 107, 111, 112, 113, 115, 116, 117, 118, 119, 120, 121, 122, 123, 124, 125, 126, 127, 128, 129, 130, 131, 132, 133, 135, 136, 137, 138, 139, 140, 141, 142, 143, 144, 145, 146, 147, 148, 149, 150, 151, 152, 153, 154, 156, 157, 158, 159, 160, 161, 162, 163, 165, 166, 167, 168, 170, 171, 172, 173, 175, 176, 177, 178, 179, 180, 181, 183, 184, 185, 186, 187, 188, 189, 191, 192, 193, 194, 195, 197, 198, 199, 202, 204, 205, 206, 207, 208, 211, 212, 213, 214, 215, 217, 220, 221, 223, 225, 227, 228, 229, 230, 234, 235, 237, 238, 239, 241, 242, 243, 244, 245, 246, 247, 249, 250, 251, 252, 253, 254, 255, 256, 257, 258, 259, 260, 261, 262, 263, 264, 267, 268, 269, 270, 272, 273, 276, 277, 278, 279, 280, 281, 282, 284, 285, 286, 288, 289, 290, 291, 292, 293, 294, 295, 296, 297, 298, 299, 300, 302, 304, 305, 306, 307, 308, 310, 311, 313, 315, 316, 317, 318, 319, 320, 321, 323, 324, 326, 327, 329, 330, 331, 333, 336, 337, 338, 339, 340, 341, 342, 344, 346, 347, 349]
  Groupe négatif (reads0): 85 éléments
    Indices: [2, 4, 11, 12, 15, 16, 17, 18, 21, 22, 24, 25, 26, 30, 34, 38, 39, 43, 44, 53, 54, 55, 57, 62, 65, 69, 71, 74, 90, 98, 100, 103, 104, 105, 106, 108, 109, 110, 114, 134, 155, 164, 169, 174, 182, 190, 196, 200, 201, 203, 209, 210, 216, 218, 219, 222, 224, 226, 231, 232, 233, 236, 240, 248, 265, 266, 271, 274, 275, 283, 287, 301, 303, 309, 312, 314, 322, 325, 328, 332, 334, 335, 343, 345, 348]
  Colonnes concernées: 3 éléments
    Indices: [205, 208, 214]
  Ratio: 265:85 (positif:négatif)

----------------------------------------

STEP 9:
  Groupe positif (reads1): 314 éléments
    Indices: [0, 1, 2, 3, 4, 5, 7, 8, 9, 10, 11, 12, 13, 14, 15, 16, 17, 18, 20, 21, 22, 23, 24, 25, 26, 27, 28, 29, 30, 31, 32, 33, 34, 35, 36, 37, 38, 39, 40, 41, 42, 43, 44, 45, 46, 47, 48, 49, 51, 52, 53, 54, 55, 57, 60, 61, 62, 63, 64, 65, 66, 67, 68, 69, 70, 71, 72, 74, 75, 76, 77, 78, 79, 80, 81, 82, 83, 84, 85, 86, 87, 88, 89, 90, 91, 92, 93, 94, 95, 96, 97, 98, 99, 100, 101, 102, 103, 104, 105, 106, 107, 108, 109, 110, 111, 112, 114, 116, 117, 118, 119, 121, 122, 123, 124, 125, 126, 127, 128, 129, 130, 131, 133, 134, 135, 136, 137, 138, 139, 140, 141, 142, 143, 144, 145, 146, 147, 148, 149, 150, 151, 152, 153, 154, 155, 157, 158, 159, 160, 161, 162, 163, 164, 165, 166, 167, 168, 169, 170, 171, 172, 174, 176, 178, 179, 180, 181, 182, 183, 184, 185, 187, 188, 190, 191, 192, 193, 194, 195, 196, 197, 198, 199, 200, 201, 202, 203, 204, 205, 206, 207, 208, 209, 210, 211, 212, 213, 214, 215, 216, 217, 218, 219, 220, 221, 222, 223, 224, 225, 226, 227, 228, 229, 230, 231, 232, 233, 234, 235, 236, 237, 239, 240, 241, 242, 243, 244, 245, 246, 247, 251, 252, 255, 256, 257, 258, 259, 260, 261, 262, 263, 264, 265, 266, 267, 269, 270, 271, 272, 273, 274, 275, 276, 277, 278, 279, 280, 281, 282, 283, 284, 285, 286, 287, 288, 289, 290, 293, 294, 296, 298, 300, 301, 302, 303, 305, 306, 307, 308, 309, 310, 312, 313, 314, 315, 316, 317, 319, 320, 321, 322, 324, 325, 326, 327, 328, 330, 332, 333, 334, 335, 336, 337, 338, 339, 340, 341, 342, 343, 345, 346, 347, 348, 349]
  Groupe négatif (reads0): 36 éléments
    Indices: [6, 19, 50, 56, 58, 59, 73, 113, 115, 120, 132, 156, 173, 175, 177, 186, 189, 238, 248, 249, 250, 253, 254, 268, 291, 292, 295, 297, 299, 304, 311, 318, 323, 329, 331, 344]
  Colonnes concernées: 6 éléments
    Indices: [6, 24, 49, 64, 239, 255]
  Ratio: 314:36 (positif:négatif)

----------------------------------------

STEP 10:
  Groupe positif (reads1): 43 éléments
    Indices: [29, 32, 40, 42, 51, 68, 80, 84, 86, 94, 102, 122, 123, 125, 126, 150, 152, 158, 159, 168, 171, 192, 202, 213, 214, 221, 222, 225, 234, 245, 255, 269, 278, 279, 281, 286, 300, 305, 310, 320, 324, 325, 337]
  Groupe négatif (reads0): 307 éléments
    Indices: [0, 1, 2, 3, 4, 5, 6, 7, 8, 9, 10, 11, 12, 13, 14, 15, 16, 17, 18, 19, 20, 21, 22, 23, 24, 25, 26, 27, 28, 30, 31, 33, 34, 35, 36, 37, 38, 39, 41, 43, 44, 45, 46, 47, 48, 49, 50, 52, 53, 54, 55, 56, 57, 58, 59, 60, 61, 62, 63, 64, 65, 66, 67, 69, 70, 71, 72, 73, 74, 75, 76, 77, 78, 79, 81, 82, 83, 85, 87, 88, 89, 90, 91, 92, 93, 95, 96, 97, 98, 99, 100, 101, 103, 104, 105, 106, 107, 108, 109, 110, 111, 112, 113, 114, 115, 116, 117, 118, 119, 120, 121, 124, 127, 128, 129, 130, 131, 132, 133, 134, 135, 136, 137, 138, 139, 140, 141, 142, 143, 144, 145, 146, 147, 148, 149, 151, 153, 154, 155, 156, 157, 160, 161, 162, 163, 164, 165, 166, 167, 169, 170, 172, 173, 174, 175, 176, 177, 178, 179, 180, 181, 182, 183, 184, 185, 186, 187, 188, 189, 190, 191, 193, 194, 195, 196, 197, 198, 199, 200, 201, 203, 204, 205, 206, 207, 208, 209, 210, 211, 212, 215, 216, 217, 218, 219, 220, 223, 224, 226, 227, 228, 229, 230, 231, 232, 233, 235, 236, 237, 238, 239, 240, 241, 242, 243, 244, 246, 247, 248, 249, 250, 251, 252, 253, 254, 256, 257, 258, 259, 260, 261, 262, 263, 264, 265, 266, 267, 268, 270, 271, 272, 273, 274, 275, 276, 277, 280, 282, 283, 284, 285, 287, 288, 289, 290, 291, 292, 293, 294, 295, 296, 297, 298, 299, 301, 302, 303, 304, 306, 307, 308, 309, 311, 312, 313, 314, 315, 316, 317, 318, 319, 321, 322, 323, 326, 327, 328, 329, 330, 331, 332, 333, 334, 335, 336, 338, 339, 340, 341, 342, 343, 344, 345, 346, 347, 348, 349]
  Colonnes concernées: 10 éléments
    Indices: [19, 79, 114, 126, 178, 182, 226, 227, 233, 234]
  Ratio: 43:307 (positif:négatif)

----------------------------------------

STEP 11:
  Groupe positif (reads1): 45 éléments
    Indices: [29, 32, 40, 42, 51, 68, 80, 84, 86, 94, 98, 102, 108, 122, 123, 125, 126, 150, 152, 158, 159, 168, 171, 192, 202, 213, 214, 221, 222, 225, 234, 245, 255, 269, 278, 279, 281, 286, 300, 305, 310, 320, 324, 325, 337]
  Groupe négatif (reads0): 305 éléments
    Indices: [0, 1, 2, 3, 4, 5, 6, 7, 8, 9, 10, 11, 12, 13, 14, 15, 16, 17, 18, 19, 20, 21, 22, 23, 24, 25, 26, 27, 28, 30, 31, 33, 34, 35, 36, 37, 38, 39, 41, 43, 44, 45, 46, 47, 48, 49, 50, 52, 53, 54, 55, 56, 57, 58, 59, 60, 61, 62, 63, 64, 65, 66, 67, 69, 70, 71, 72, 73, 74, 75, 76, 77, 78, 79, 81, 82, 83, 85, 87, 88, 89, 90, 91, 92, 93, 95, 96, 97, 99, 100, 101, 103, 104, 105, 106, 107, 109, 110, 111, 112, 113, 114, 115, 116, 117, 118, 119, 120, 121, 124, 127, 128, 129, 130, 131, 132, 133, 134, 135, 136, 137, 138, 139, 140, 141, 142, 143, 144, 145, 146, 147, 148, 149, 151, 153, 154, 155, 156, 157, 160, 161, 162, 163, 164, 165, 166, 167, 169, 170, 172, 173, 174, 175, 176, 177, 178, 179, 180, 181, 182, 183, 184, 185, 186, 187, 188, 189, 190, 191, 193, 194, 195, 196, 197, 198, 199, 200, 201, 203, 204, 205, 206, 207, 208, 209, 210, 211, 212, 215, 216, 217, 218, 219, 220, 223, 224, 226, 227, 228, 229, 230, 231, 232, 233, 235, 236, 237, 238, 239, 240, 241, 242, 243, 244, 246, 247, 248, 249, 250, 251, 252, 253, 254, 256, 257, 258, 259, 260, 261, 262, 263, 264, 265, 266, 267, 268, 270, 271, 272, 273, 274, 275, 276, 277, 280, 282, 283, 284, 285, 287, 288, 289, 290, 291, 292, 293, 294, 295, 296, 297, 298, 299, 301, 302, 303, 304, 306, 307, 308, 309, 311, 312, 313, 314, 315, 316, 317, 318, 319, 321, 322, 323, 326, 327, 328, 329, 330, 331, 332, 333, 334, 335, 336, 338, 339, 340, 341, 342, 343, 344, 345, 346, 347, 348, 349]
  Colonnes concernées: 4 éléments
    Indices: [30, 108, 116, 136]
  Ratio: 45:305 (positif:négatif)

----------------------------------------

STEP 12:
  Groupe positif (reads1): 209 éléments
    Indices: [0, 1, 2, 3, 4, 5, 6, 7, 8, 11, 12, 14, 15, 16, 17, 18, 19, 20, 21, 22, 23, 24, 25, 26, 28, 30, 31, 34, 38, 39, 43, 44, 45, 47, 48, 49, 50, 52, 53, 54, 55, 56, 57, 58, 59, 62, 63, 65, 69, 71, 73, 74, 75, 76, 78, 79, 81, 83, 89, 90, 95, 103, 104, 105, 106, 109, 110, 111, 112, 113, 114, 115, 117, 118, 120, 121, 127, 128, 129, 132, 134, 136, 137, 138, 139, 140, 141, 142, 143, 144, 145, 147, 149, 151, 153, 156, 157, 160, 162, 163, 164, 166, 167, 169, 170, 173, 174, 175, 177, 178, 182, 183, 184, 185, 186, 187, 189, 191, 195, 196, 197, 198, 200, 201, 203, 204, 206, 209, 210, 215, 216, 219, 224, 226, 228, 231, 232, 233, 236, 238, 240, 242, 244, 248, 249, 250, 251, 252, 253, 254, 257, 259, 261, 262, 263, 265, 266, 267, 268, 271, 274, 275, 277, 280, 283, 284, 285, 287, 290, 291, 292, 294, 295, 297, 299, 301, 302, 303, 304, 307, 308, 311, 312, 313, 314, 315, 317, 318, 319, 321, 322, 323, 327, 328, 329, 330, 331, 332, 333, 334, 335, 338, 340, 343, 344, 345, 346, 347, 348]
  Groupe négatif (reads0): 141 éléments
    Indices: [9, 10, 13, 27, 29, 32, 33, 35, 36, 37, 40, 41, 42, 46, 51, 60, 61, 64, 66, 67, 68, 70, 72, 77, 80, 82, 84, 85, 86, 87, 88, 91, 92, 93, 94, 96, 97, 98, 99, 100, 101, 102, 107, 108, 116, 119, 122, 123, 124, 125, 126, 130, 131, 133, 135, 146, 148, 150, 152, 154, 155, 158, 159, 161, 165, 168, 171, 172, 176, 179, 180, 181, 188, 190, 192, 193, 194, 199, 202, 205, 207, 208, 211, 212, 213, 214, 217, 218, 220, 221, 222, 223, 225, 227, 229, 230, 234, 235, 237, 239, 241, 243, 245, 246, 247, 255, 256, 258, 260, 264, 269, 270, 272, 273, 276, 278, 279, 281, 282, 286, 288, 289, 293, 296, 298, 300, 305, 306, 309, 310, 316, 320, 324, 325, 326, 336, 337, 339, 341, 342, 349]
  Colonnes concernées: 3 éléments
    Indices: [13, 14, 62]
  Ratio: 209:141 (positif:négatif)

----------------------------------------

STEP 13:
  Groupe positif (reads1): 147 éléments
    Indices: [9, 10, 13, 27, 29, 32, 33, 35, 36, 37, 40, 41, 42, 46, 48, 49, 51, 60, 61, 64, 66, 67, 68, 70, 72, 77, 80, 82, 84, 85, 86, 87, 88, 91, 92, 93, 94, 96, 97, 98, 99, 100, 101, 102, 107, 108, 116, 119, 122, 123, 124, 125, 126, 129, 130, 131, 133, 135, 146, 148, 150, 152, 154, 155, 158, 159, 161, 165, 168, 171, 172, 176, 179, 180, 181, 188, 190, 192, 193, 194, 196, 199, 200, 201, 202, 205, 207, 208, 211, 212, 213, 214, 217, 218, 220, 221, 222, 223, 225, 227, 229, 230, 234, 235, 237, 239, 240, 243, 245, 246, 247, 255, 256, 258, 260, 264, 269, 270, 272, 273, 276, 278, 279, 281, 282, 286, 288, 289, 293, 296, 298, 300, 305, 306, 309, 310, 316, 320, 324, 325, 326, 336, 337, 339, 341, 342, 349]
  Groupe négatif (reads0): 203 éléments
    Indices: [0, 1, 2, 3, 4, 5, 6, 7, 8, 11, 12, 14, 15, 16, 17, 18, 19, 20, 21, 22, 23, 24, 25, 26, 28, 30, 31, 34, 38, 39, 43, 44, 45, 47, 50, 52, 53, 54, 55, 56, 57, 58, 59, 62, 63, 65, 69, 71, 73, 74, 75, 76, 78, 79, 81, 83, 89, 90, 95, 103, 104, 105, 106, 109, 110, 111, 112, 113, 114, 115, 117, 118, 120, 121, 127, 128, 132, 134, 136, 137, 138, 139, 140, 141, 142, 143, 144, 145, 147, 149, 151, 153, 156, 157, 160, 162, 163, 164, 166, 167, 169, 170, 173, 174, 175, 177, 178, 182, 183, 184, 185, 186, 187, 189, 191, 195, 197, 198, 203, 204, 206, 209, 210, 215, 216, 219, 224, 226, 228, 231, 232, 233, 236, 238, 241, 242, 244, 248, 249, 250, 251, 252, 253, 254, 257, 259, 261, 262, 263, 265, 266, 267, 268, 271, 274, 275, 277, 280, 283, 284, 285, 287, 290, 291, 292, 294, 295, 297, 299, 301, 302, 303, 304, 307, 308, 311, 312, 313, 314, 315, 317, 318, 319, 321, 322, 323, 327, 328, 329, 330, 331, 332, 333, 334, 335, 338, 340, 343, 344, 345, 346, 347, 348]
  Colonnes concernées: 3 éléments
    Indices: [44, 61, 63]
  Ratio: 147:203 (positif:négatif)

----------------------------------------

STEP 14:
  Groupe positif (reads1): 212 éléments
    Indices: [0, 1, 2, 3, 4, 5, 6, 7, 8, 11, 12, 14, 15, 16, 17, 18, 19, 20, 21, 22, 23, 24, 25, 26, 28, 30, 31, 34, 38, 39, 43, 44, 45, 47, 50, 52, 53, 54, 55, 56, 57, 58, 59, 62, 63, 65, 69, 71, 73, 74, 75, 76, 78, 79, 81, 83, 89, 90, 91, 95, 100, 103, 104, 105, 106, 108, 109, 110, 111, 112, 113, 114, 115, 117, 120, 121, 127, 128, 129, 132, 134, 136, 137, 138, 139, 140, 141, 142, 143, 144, 145, 147, 149, 151, 153, 155, 156, 157, 160, 162, 163, 164, 166, 167, 169, 170, 173, 174, 175, 177, 178, 182, 183, 184, 185, 186, 187, 189, 190, 191, 195, 196, 197, 198, 200, 201, 203, 204, 206, 209, 210, 215, 216, 218, 219, 224, 226, 228, 231, 232, 233, 236, 238, 240, 242, 244, 248, 249, 250, 251, 252, 253, 254, 257, 259, 261, 262, 263, 265, 266, 267, 268, 271, 274, 275, 277, 280, 283, 284, 285, 287, 290, 291, 292, 294, 295, 297, 299, 301, 302, 303, 304, 307, 308, 311, 312, 313, 314, 315, 317, 318, 319, 321, 322, 323, 327, 328, 329, 330, 331, 332, 333, 334, 335, 338, 340, 343, 344, 345, 346, 347, 348]
  Groupe négatif (reads0): 138 éléments
    Indices: [9, 10, 13, 27, 29, 32, 33, 35, 36, 37, 40, 41, 42, 46, 48, 49, 51, 60, 61, 64, 66, 67, 68, 70, 72, 77, 80, 82, 84, 85, 86, 87, 88, 92, 93, 94, 96, 97, 98, 99, 101, 102, 107, 116, 118, 119, 122, 123, 124, 125, 126, 130, 131, 133, 135, 146, 148, 150, 152, 154, 158, 159, 161, 165, 168, 171, 172, 176, 179, 180, 181, 188, 192, 193, 194, 199, 202, 205, 207, 208, 211, 212, 213, 214, 217, 220, 221, 222, 223, 225, 227, 229, 230, 234, 235, 237, 239, 241, 243, 245, 246, 247, 255, 256, 258, 260, 264, 269, 270, 272, 273, 276, 278, 279, 281, 282, 286, 288, 289, 293, 296, 298, 300, 305, 306, 309, 310, 316, 320, 324, 325, 326, 336, 337, 339, 341, 342, 349]
  Colonnes concernées: 3 éléments
    Indices: [213, 243, 244]
  Ratio: 212:138 (positif:négatif)

----------------------------------------

STEP 15:
  Groupe positif (reads1): 265 éléments
    Indices: [0, 2, 4, 5, 9, 10, 11, 12, 13, 15, 16, 17, 18, 21, 22, 24, 25, 26, 27, 28, 29, 30, 32, 33, 34, 35, 36, 37, 38, 39, 40, 41, 42, 43, 44, 45, 46, 48, 49, 51, 53, 54, 55, 57, 60, 61, 62, 64, 65, 66, 67, 68, 69, 70, 71, 72, 74, 77, 78, 79, 80, 81, 82, 83, 84, 85, 86, 87, 88, 89, 90, 91, 92, 93, 94, 95, 96, 97, 98, 99, 100, 101, 102, 103, 104, 105, 106, 107, 108, 109, 110, 114, 116, 119, 122, 123, 124, 125, 126, 129, 130, 131, 133, 134, 135, 136, 137, 138, 139, 140, 141, 142, 143, 144, 145, 146, 147, 148, 149, 150, 152, 153, 154, 155, 158, 159, 160, 161, 162, 164, 165, 167, 168, 169, 171, 172, 174, 176, 179, 180, 181, 182, 187, 188, 190, 191, 192, 193, 194, 195, 196, 197, 199, 200, 201, 202, 203, 204, 205, 206, 207, 208, 209, 210, 211, 212, 213, 214, 216, 217, 218, 219, 220, 221, 222, 223, 224, 225, 226, 227, 228, 229, 230, 231, 232, 233, 234, 235, 236, 237, 239, 240, 241, 242, 243, 244, 245, 246, 247, 255, 256, 258, 260, 262, 263, 264, 265, 266, 269, 270, 271, 272, 273, 274, 275, 276, 278, 279, 281, 282, 283, 284, 286, 287, 288, 289, 293, 296, 298, 300, 301, 302, 303, 305, 306, 307, 309, 310, 312, 313, 314, 315, 316, 319, 320, 322, 324, 325, 326, 327, 328, 332, 334, 335, 336, 337, 339, 341, 342, 343, 345, 346, 347, 348, 349]
  Groupe négatif (reads0): 85 éléments
    Indices: [1, 3, 6, 7, 8, 14, 19, 20, 23, 31, 47, 50, 52, 56, 58, 59, 63, 73, 75, 76, 111, 112, 113, 115, 117, 118, 120, 121, 127, 128, 132, 151, 156, 157, 163, 166, 170, 173, 175, 177, 178, 183, 184, 185, 186, 189, 198, 215, 238, 248, 249, 250, 251, 252, 253, 254, 257, 259, 261, 267, 268, 277, 280, 285, 290, 291, 292, 294, 295, 297, 299, 304, 308, 311, 317, 318, 321, 323, 329, 330, 331, 333, 338, 340, 344]
  Colonnes concernées: 7 éléments
    Indices: [18, 102, 165, 196, 216, 219, 242]
  Ratio: 265:85 (positif:négatif)

----------------------------------------

STEP 16:
  Groupe positif (reads1): 84 éléments
    Indices: [1, 3, 6, 7, 8, 14, 19, 20, 23, 31, 47, 50, 52, 56, 58, 59, 63, 68, 70, 73, 75, 76, 111, 113, 115, 117, 118, 120, 121, 127, 128, 132, 151, 156, 157, 163, 166, 170, 173, 175, 177, 178, 184, 185, 186, 189, 198, 215, 238, 248, 249, 250, 251, 252, 253, 254, 257, 259, 261, 267, 268, 277, 280, 285, 290, 291, 292, 294, 295, 297, 299, 304, 308, 311, 317, 318, 323, 329, 330, 331, 333, 338, 340, 344]
  Groupe négatif (reads0): 266 éléments
    Indices: [0, 2, 4, 5, 9, 10, 11, 12, 13, 15, 16, 17, 18, 21, 22, 24, 25, 26, 27, 28, 29, 30, 32, 33, 34, 35, 36, 37, 38, 39, 40, 41, 42, 43, 44, 45, 46, 48, 49, 51, 53, 54, 55, 57, 60, 61, 62, 64, 65, 66, 67, 69, 71, 72, 74, 77, 78, 79, 80, 81, 82, 83, 84, 85, 86, 87, 88, 89, 90, 91, 92, 93, 94, 95, 96, 97, 98, 99, 100, 101, 102, 103, 104, 105, 106, 107, 108, 109, 110, 112, 114, 116, 119, 122, 123, 124, 125, 126, 129, 130, 131, 133, 134, 135, 136, 137, 138, 139, 140, 141, 142, 143, 144, 145, 146, 147, 148, 149, 150, 152, 153, 154, 155, 158, 159, 160, 161, 162, 164, 165, 167, 168, 169, 171, 172, 174, 176, 179, 180, 181, 182, 183, 187, 188, 190, 191, 192, 193, 194, 195, 196, 197, 199, 200, 201, 202, 203, 204, 205, 206, 207, 208, 209, 210, 211, 212, 213, 214, 216, 217, 218, 219, 220, 221, 222, 223, 224, 225, 226, 227, 228, 229, 230, 231, 232, 233, 234, 235, 236, 237, 239, 240, 241, 242, 243, 244, 245, 246, 247, 255, 256, 258, 260, 262, 263, 264, 265, 266, 269, 270, 271, 272, 273, 274, 275, 276, 278, 279, 281, 282, 283, 284, 286, 287, 288, 289, 293, 296, 298, 300, 301, 302, 303, 305, 306, 307, 309, 310, 312, 313, 314, 315, 316, 319, 320, 321, 322, 324, 325, 326, 327, 328, 332, 334, 335, 336, 337, 339, 341, 342, 343, 345, 346, 347, 348, 349]
  Colonnes concernées: 3 éléments
    Indices: [65, 101, 162]
  Ratio: 84:266 (positif:négatif)

----------------------------------------

STEP 17:
  Groupe positif (reads1): 49 éléments
    Indices: [1, 3, 7, 8, 14, 20, 23, 31, 47, 52, 63, 75, 76, 111, 112, 117, 118, 121, 127, 128, 151, 157, 163, 166, 170, 178, 183, 184, 185, 198, 215, 251, 252, 257, 259, 261, 267, 277, 280, 285, 290, 294, 308, 317, 321, 330, 333, 338, 340]
  Groupe négatif (reads0): 301 éléments
    Indices: [0, 2, 4, 5, 6, 9, 10, 11, 12, 13, 15, 16, 17, 18, 19, 21, 22, 24, 25, 26, 27, 28, 29, 30, 32, 33, 34, 35, 36, 37, 38, 39, 40, 41, 42, 43, 44, 45, 46, 48, 49, 50, 51, 53, 54, 55, 56, 57, 58, 59, 60, 61, 62, 64, 65, 66, 67, 68, 69, 70, 71, 72, 73, 74, 77, 78, 79, 80, 81, 82, 83, 84, 85, 86, 87, 88, 89, 90, 91, 92, 93, 94, 95, 96, 97, 98, 99, 100, 101, 102, 103, 104, 105, 106, 107, 108, 109, 110, 113, 114, 115, 116, 119, 120, 122, 123, 124, 125, 126, 129, 130, 131, 132, 133, 134, 135, 136, 137, 138, 139, 140, 141, 142, 143, 144, 145, 146, 147, 148, 149, 150, 152, 153, 154, 155, 156, 158, 159, 160, 161, 162, 164, 165, 167, 168, 169, 171, 172, 173, 174, 175, 176, 177, 179, 180, 181, 182, 186, 187, 188, 189, 190, 191, 192, 193, 194, 195, 196, 197, 199, 200, 201, 202, 203, 204, 205, 206, 207, 208, 209, 210, 211, 212, 213, 214, 216, 217, 218, 219, 220, 221, 222, 223, 224, 225, 226, 227, 228, 229, 230, 231, 232, 233, 234, 235, 236, 237, 238, 239, 240, 241, 242, 243, 244, 245, 246, 247, 248, 249, 250, 253, 254, 255, 256, 258, 260, 262, 263, 264, 265, 266, 268, 269, 270, 271, 272, 273, 274, 275, 276, 278, 279, 281, 282, 283, 284, 286, 287, 288, 289, 291, 292, 293, 295, 296, 297, 298, 299, 300, 301, 302, 303, 304, 305, 306, 307, 309, 310, 311, 312, 313, 314, 315, 316, 318, 319, 320, 322, 323, 324, 325, 326, 327, 328, 329, 331, 332, 334, 335, 336, 337, 339, 341, 342, 343, 344, 345, 346, 347, 348, 349]
  Colonnes concernées: 4 éléments
    Indices: [103, 222, 225, 231]
  Ratio: 49:301 (positif:négatif)

----------------------------------------

STEP 18:
  Groupe positif (reads1): 52 éléments
    Indices: [0, 2, 5, 24, 28, 45, 78, 79, 81, 83, 89, 95, 104, 134, 136, 137, 138, 139, 140, 141, 142, 143, 144, 145, 147, 149, 153, 160, 162, 167, 187, 191, 195, 197, 204, 206, 228, 242, 244, 262, 263, 274, 284, 302, 307, 312, 313, 315, 319, 327, 346, 347]
  Groupe négatif (reads0): 298 éléments
    Indices: [1, 3, 4, 6, 7, 8, 9, 10, 11, 12, 13, 14, 15, 16, 17, 18, 19, 20, 21, 22, 23, 25, 26, 27, 29, 30, 31, 32, 33, 34, 35, 36, 37, 38, 39, 40, 41, 42, 43, 44, 46, 47, 48, 49, 50, 51, 52, 53, 54, 55, 56, 57, 58, 59, 60, 61, 62, 63, 64, 65, 66, 67, 68, 69, 70, 71, 72, 73, 74, 75, 76, 77, 80, 82, 84, 85, 86, 87, 88, 90, 91, 92, 93, 94, 96, 97, 98, 99, 100, 101, 102, 103, 105, 106, 107, 108, 109, 110, 111, 112, 113, 114, 115, 116, 117, 118, 119, 120, 121, 122, 123, 124, 125, 126, 127, 128, 129, 130, 131, 132, 133, 135, 146, 148, 150, 151, 152, 154, 155, 156, 157, 158, 159, 161, 163, 164, 165, 166, 168, 169, 170, 171, 172, 173, 174, 175, 176, 177, 178, 179, 180, 181, 182, 183, 184, 185, 186, 188, 189, 190, 192, 193, 194, 196, 198, 199, 200, 201, 202, 203, 205, 207, 208, 209, 210, 211, 212, 213, 214, 215, 216, 217, 218, 219, 220, 221, 222, 223, 224, 225, 226, 227, 229, 230, 231, 232, 233, 234, 235, 236, 237, 238, 239, 240, 241, 243, 245, 246, 247, 248, 249, 250, 251, 252, 253, 254, 255, 256, 257, 258, 259, 260, 261, 264, 265, 266, 267, 268, 269, 270, 271, 272, 273, 275, 276, 277, 278, 279, 280, 281, 282, 283, 285, 286, 287, 288, 289, 290, 291, 292, 293, 294, 295, 296, 297, 298, 299, 300, 301, 303, 304, 305, 306, 308, 309, 310, 311, 314, 316, 317, 318, 320, 321, 322, 323, 324, 325, 326, 328, 329, 330, 331, 332, 333, 334, 335, 336, 337, 338, 339, 340, 341, 342, 343, 344, 345, 348, 349]
  Colonnes concernées: 8 éléments
    Indices: [33, 34, 46, 52, 77, 84, 91, 115]
  Ratio: 52:298 (positif:négatif)

----------------------------------------

STEP 19:
  Groupe positif (reads1): 293 éléments
    Indices: [1, 3, 4, 6, 7, 8, 9, 10, 11, 12, 13, 14, 15, 16, 17, 18, 19, 20, 21, 22, 23, 25, 26, 27, 29, 30, 31, 32, 33, 34, 35, 36, 37, 38, 39, 40, 41, 42, 43, 44, 46, 47, 48, 49, 50, 51, 52, 53, 54, 55, 56, 57, 58, 59, 60, 61, 62, 63, 64, 65, 66, 67, 68, 69, 70, 71, 72, 73, 74, 75, 76, 77, 80, 82, 84, 85, 86, 87, 88, 91, 92, 93, 94, 96, 97, 98, 99, 100, 101, 102, 103, 105, 107, 109, 110, 111, 112, 113, 114, 115, 116, 117, 118, 119, 120, 121, 122, 123, 124, 125, 126, 127, 128, 129, 130, 131, 132, 133, 135, 146, 148, 150, 151, 152, 154, 155, 156, 157, 158, 159, 161, 163, 164, 165, 166, 168, 169, 170, 171, 172, 173, 174, 175, 176, 177, 178, 179, 180, 181, 182, 183, 184, 185, 186, 188, 189, 190, 192, 193, 194, 196, 198, 199, 200, 201, 202, 203, 205, 207, 208, 209, 210, 211, 212, 213, 214, 215, 216, 217, 218, 219, 220, 221, 222, 223, 224, 225, 226, 227, 229, 230, 232, 234, 235, 236, 237, 238, 239, 240, 241, 243, 245, 246, 247, 248, 249, 250, 251, 252, 253, 254, 255, 256, 257, 258, 259, 260, 261, 264, 265, 266, 267, 268, 269, 270, 271, 272, 273, 275, 276, 277, 278, 279, 280, 281, 282, 283, 285, 286, 287, 288, 289, 290, 291, 292, 293, 294, 295, 296, 297, 298, 299, 300, 301, 303, 304, 305, 306, 308, 309, 310, 311, 314, 316, 317, 318, 320, 321, 322, 323, 324, 325, 326, 328, 329, 330, 331, 332, 333, 334, 335, 336, 337, 338, 339, 340, 341, 342, 343, 344, 345, 348, 349]
  Groupe négatif (reads0): 57 éléments
    Indices: [0, 2, 5, 24, 28, 45, 78, 79, 81, 83, 89, 90, 95, 104, 106, 108, 134, 136, 137, 138, 139, 140, 141, 142, 143, 144, 145, 147, 149, 153, 160, 162, 167, 187, 191, 195, 197, 204, 206, 228, 231, 233, 242, 244, 262, 263, 274, 284, 302, 307, 312, 313, 315, 319, 327, 346, 347]
  Colonnes concernées: 4 éléments
    Indices: [36, 71, 80, 111]
  Ratio: 293:57 (positif:négatif)

----------------------------------------

STEP 20:
  Groupe positif (reads1): 261 éléments
    Indices: [1, 3, 4, 6, 7, 8, 9, 10, 11, 12, 13, 14, 17, 18, 19, 20, 21, 23, 26, 27, 29, 30, 31, 32, 33, 34, 35, 36, 37, 39, 40, 41, 42, 43, 44, 46, 47, 48, 49, 50, 51, 52, 53, 56, 57, 58, 59, 60, 61, 62, 63, 64, 65, 66, 67, 68, 69, 70, 71, 72, 73, 75, 76, 77, 80, 82, 84, 85, 86, 87, 88, 91, 92, 93, 94, 96, 97, 99, 101, 102, 107, 109, 110, 111, 112, 113, 114, 115, 116, 117, 118, 119, 120, 121, 122, 123, 124, 125, 126, 127, 128, 129, 130, 131, 132, 133, 135, 146, 148, 150, 151, 152, 154, 156, 157, 158, 159, 161, 163, 165, 166, 168, 170, 171, 172, 173, 175, 176, 177, 178, 179, 180, 181, 182, 183, 184, 185, 186, 188, 189, 192, 193, 194, 198, 199, 202, 205, 207, 208, 209, 211, 212, 213, 214, 215, 217, 219, 220, 221, 222, 223, 224, 225, 226, 227, 229, 230, 232, 234, 235, 237, 238, 239, 241, 243, 245, 246, 247, 248, 250, 251, 252, 253, 254, 255, 256, 257, 258, 259, 260, 261, 264, 265, 266, 267, 268, 269, 270, 272, 273, 276, 277, 278, 279, 280, 281, 282, 285, 286, 287, 288, 289, 290, 291, 292, 293, 294, 295, 296, 297, 298, 299, 300, 301, 304, 305, 306, 308, 310, 311, 314, 316, 317, 318, 320, 321, 322, 323, 324, 325, 326, 328, 329, 330, 331, 332, 333, 334, 335, 336, 337, 338, 339, 340, 341, 342, 343, 344, 345, 348, 349]
  Groupe négatif (reads0): 89 éléments
    Indices: [0, 2, 5, 15, 16, 22, 24, 25, 28, 38, 45, 54, 55, 74, 78, 79, 81, 83, 89, 90, 95, 98, 100, 103, 104, 105, 106, 108, 134, 136, 137, 138, 139, 140, 141, 142, 143, 144, 145, 147, 149, 153, 155, 160, 162, 164, 167, 169, 174, 187, 190, 191, 195, 196, 197, 200, 201, 203, 204, 206, 210, 216, 218, 228, 231, 233, 236, 240, 242, 244, 249, 262, 263, 271, 274, 275, 283, 284, 302, 303, 307, 309, 312, 313, 315, 319, 327, 346, 347]
  Colonnes concernées: 3 éléments
    Indices: [131, 193, 248]
  Ratio: 261:89 (positif:négatif)

----------------------------------------

STEP 21:
  Groupe positif (reads1): 303 éléments
    Indices: [1, 2, 3, 4, 6, 7, 8, 9, 10, 11, 12, 13, 14, 15, 16, 17, 18, 19, 20, 21, 22, 23, 24, 25, 26, 27, 29, 30, 31, 32, 33, 34, 35, 36, 37, 38, 39, 40, 41, 42, 43, 44, 46, 47, 48, 49, 50, 51, 52, 53, 54, 55, 56, 57, 58, 59, 60, 61, 62, 63, 64, 65, 66, 67, 68, 69, 70, 71, 72, 73, 74, 75, 76, 77, 80, 82, 84, 85, 86, 87, 88, 90, 91, 92, 93, 94, 96, 97, 98, 99, 100, 101, 102, 103, 105, 106, 107, 108, 109, 110, 111, 112, 113, 114, 115, 116, 117, 118, 119, 120, 121, 122, 123, 124, 125, 126, 127, 128, 129, 130, 131, 132, 133, 134, 135, 146, 148, 150, 151, 152, 154, 155, 156, 157, 158, 159, 161, 163, 164, 165, 166, 168, 169, 170, 171, 172, 173, 174, 175, 176, 177, 178, 179, 180, 181, 182, 183, 184, 185, 186, 188, 189, 190, 192, 193, 194, 196, 198, 199, 200, 201, 202, 203, 205, 207, 208, 209, 210, 211, 212, 213, 214, 215, 216, 217, 218, 219, 220, 221, 222, 223, 224, 225, 226, 227, 229, 230, 231, 232, 233, 234, 235, 236, 237, 238, 239, 240, 241, 243, 245, 246, 247, 248, 249, 250, 251, 252, 253, 254, 255, 256, 257, 258, 259, 260, 261, 264, 265, 266, 267, 268, 269, 270, 271, 272, 273, 274, 275, 276, 277, 278, 279, 280, 281, 282, 283, 285, 286, 287, 288, 289, 290, 291, 292, 293, 294, 295, 296, 297, 298, 299, 300, 301, 303, 304, 305, 306, 308, 309, 310, 311, 312, 314, 316, 317, 318, 320, 321, 322, 323, 324, 325, 326, 328, 329, 330, 331, 332, 333, 334, 335, 336, 337, 338, 339, 340, 341, 342, 343, 344, 345, 348, 349]
  Groupe négatif (reads0): 47 éléments
    Indices: [0, 5, 28, 45, 78, 79, 81, 83, 89, 95, 104, 136, 137, 138, 139, 140, 141, 142, 143, 144, 145, 147, 149, 153, 160, 162, 167, 187, 191, 195, 197, 204, 206, 228, 242, 244, 262, 263, 284, 302, 307, 313, 315, 319, 327, 346, 347]
  Colonnes concernées: 8 éléments
    Indices: [134, 169, 172, 173, 206, 250, 253, 254]
  Ratio: 303:47 (positif:négatif)

----------------------------------------

STEP 22:
  Groupe positif (reads1): 135 éléments
    Indices: [0, 5, 9, 10, 13, 27, 28, 33, 35, 37, 41, 45, 46, 48, 49, 60, 61, 64, 66, 67, 70, 72, 77, 78, 79, 81, 82, 83, 85, 87, 88, 89, 92, 93, 95, 96, 97, 99, 101, 104, 107, 116, 119, 124, 129, 130, 131, 133, 135, 136, 138, 139, 140, 141, 142, 144, 145, 146, 147, 148, 149, 153, 154, 160, 161, 162, 165, 167, 172, 176, 179, 180, 181, 187, 188, 191, 193, 195, 197, 199, 204, 205, 206, 207, 208, 211, 212, 217, 220, 223, 227, 228, 229, 230, 235, 237, 239, 241, 242, 243, 244, 246, 247, 256, 258, 260, 262, 263, 264, 270, 273, 276, 282, 284, 288, 289, 293, 296, 298, 302, 306, 307, 313, 315, 316, 319, 326, 327, 336, 339, 341, 342, 346, 347, 349]
  Groupe négatif (reads0): 215 éléments
    Indices: [1, 2, 3, 4, 6, 7, 8, 11, 12, 14, 15, 16, 17, 18, 19, 20, 21, 22, 23, 24, 25, 26, 29, 30, 31, 32, 34, 36, 38, 39, 40, 42, 43, 44, 47, 50, 51, 52, 53, 54, 55, 56, 57, 58, 59, 62, 63, 65, 68, 69, 71, 73, 74, 75, 76, 80, 84, 86, 90, 91, 94, 98, 100, 102, 103, 105, 106, 108, 109, 110, 111, 112, 113, 114, 115, 117, 118, 120, 121, 122, 123, 125, 126, 127, 128, 132, 134, 137, 143, 150, 151, 152, 155, 156, 157, 158, 159, 163, 164, 166, 168, 169, 170, 171, 173, 174, 175, 177, 178, 182, 183, 184, 185, 186, 189, 190, 192, 194, 196, 198, 200, 201, 202, 203, 209, 210, 213, 214, 215, 216, 218, 219, 221, 222, 224, 225, 226, 231, 232, 233, 234, 236, 238, 240, 245, 248, 249, 250, 251, 252, 253, 254, 255, 257, 259, 261, 265, 266, 267, 268, 269, 271, 272, 274, 275, 277, 278, 279, 280, 281, 283, 285, 286, 287, 290, 291, 292, 294, 295, 297, 299, 300, 301, 303, 304, 305, 308, 309, 310, 311, 312, 314, 317, 318, 320, 321, 322, 323, 324, 325, 328, 329, 330, 331, 332, 333, 334, 335, 337, 338, 340, 343, 344, 345, 348]
  Colonnes concernées: 4 éléments
    Indices: [55, 146, 147, 183]
  Ratio: 135:215 (positif:négatif)

----------------------------------------

STEP 23:
  Groupe positif (reads1): 258 éléments
    Indices: [0, 1, 2, 3, 4, 5, 6, 7, 8, 11, 12, 14, 15, 16, 17, 18, 19, 20, 21, 22, 23, 24, 25, 26, 28, 29, 30, 31, 32, 34, 38, 39, 40, 42, 43, 44, 45, 47, 50, 51, 52, 53, 54, 55, 56, 57, 58, 59, 62, 63, 65, 68, 69, 71, 73, 74, 75, 76, 78, 79, 80, 81, 83, 84, 86, 89, 90, 94, 95, 98, 100, 102, 103, 104, 105, 106, 108, 109, 110, 111, 112, 113, 114, 115, 117, 118, 120, 121, 122, 123, 125, 126, 127, 128, 132, 134, 136, 137, 138, 139, 140, 141, 142, 143, 144, 145, 147, 149, 150, 151, 152, 153, 154, 155, 156, 157, 158, 159, 160, 162, 163, 164, 166, 167, 168, 169, 170, 171, 173, 174, 175, 177, 178, 182, 183, 184, 185, 186, 187, 189, 190, 191, 192, 195, 196, 197, 198, 200, 201, 202, 203, 204, 206, 209, 210, 213, 214, 215, 216, 218, 219, 221, 222, 224, 225, 226, 228, 231, 232, 233, 234, 236, 238, 240, 242, 244, 245, 247, 248, 249, 250, 251, 252, 253, 254, 255, 257, 259, 261, 262, 263, 265, 266, 267, 268, 269, 271, 274, 275, 277, 278, 279, 280, 281, 283, 284, 285, 286, 287, 290, 291, 292, 294, 295, 297, 299, 300, 301, 302, 303, 304, 305, 307, 308, 309, 310, 311, 312, 313, 314, 315, 317, 318, 319, 320, 321, 322, 323, 324, 325, 327, 328, 329, 330, 331, 332, 333, 334, 335, 337, 338, 340, 343, 344, 345, 346, 347, 348]
  Groupe négatif (reads0): 89 éléments
    Indices: [9, 10, 13, 27, 33, 35, 36, 37, 41, 46, 48, 49, 60, 61, 64, 66, 67, 70, 77, 82, 85, 87, 88, 91, 92, 93, 96, 97, 99, 101, 107, 119, 124, 129, 130, 131, 133, 135, 146, 148, 161, 165, 172, 176, 179, 180, 181, 188, 193, 194, 199, 205, 207, 208, 211, 212, 217, 220, 223, 227, 229, 230, 235, 237, 239, 241, 243, 246, 256, 258, 260, 264, 270, 272, 273, 276, 282, 288, 289, 293, 296, 306, 316, 326, 336, 339, 341, 342, 349]
  Colonnes concernées: 5 éléments
    Indices: [117, 166, 188, 190, 191]
  Ratio: 258:89 (positif:négatif)

----------------------------------------

