=== CLUSTERING STEPS POUR matrix_edge_11_62209_67209.csv ===
Nombre d'haplotypes: 4
Timestamp: 2025-06-06T15:36:46.991477
Nombre total de steps: 6

============================================================

STEP 1:
  Groupe positif (reads1): 12 éléments
    Indices: [24, 25, 26, 27, 28, 61, 80, 91, 94, 98, 106, 111]
  Groupe négatif (reads0): 101 éléments
    Indices: [0, 1, 2, 3, 4, 5, 6, 7, 8, 9, 10, 11, 12, 13, 14, 15, 16, 17, 18, 19, 20, 21, 22, 23, 29, 30, 31, 32, 33, 34, 35, 36, 37, 38, 39, 40, 41, 42, 43, 44, 45, 46, 47, 48, 49, 50, 51, 52, 53, 54, 55, 56, 57, 58, 59, 60, 62, 63, 64, 65, 66, 67, 68, 69, 70, 71, 72, 73, 74, 75, 76, 77, 78, 79, 81, 82, 83, 84, 85, 86, 87, 88, 89, 90, 92, 93, 95, 96, 97, 99, 100, 101, 102, 103, 104, 105, 107, 108, 109, 110, 112]
  Colonnes concernées: 69 éléments
    Indices: [3, 4, 8, 9, 15, 17, 18, 19, 23, 24, 26, 27, 30, 38, 39, 43, 44, 45, 46, 71, 78, 79, 121, 129, 131, 132, 134, 138, 140, 146, 154, 155, 176, 181, 194, 195, 196, 202, 203, 206, 209, 210, 211, 233, 234, 238, 241, 242, 250, 251, 254, 255, 259, 271, 273, 278, 282, 283, 286, 290, 296, 303, 308, 310, 311, 312, 317, 318, 321]
  Ratio: 12:101 (positif:négatif)

----------------------------------------

STEP 2:
  Groupe positif (reads1): 100 éléments
    Indices: [0, 1, 2, 3, 4, 5, 6, 7, 8, 10, 11, 12, 13, 14, 15, 16, 17, 18, 19, 20, 21, 22, 23, 29, 30, 31, 32, 33, 34, 35, 36, 37, 38, 39, 40, 41, 42, 43, 44, 45, 46, 47, 48, 49, 50, 51, 52, 53, 54, 55, 56, 57, 58, 59, 60, 62, 63, 64, 65, 66, 67, 68, 69, 70, 71, 72, 73, 74, 75, 76, 77, 78, 79, 81, 82, 83, 84, 85, 86, 87, 88, 89, 90, 92, 93, 95, 96, 97, 99, 100, 101, 102, 103, 104, 105, 107, 108, 109, 110, 112]
  Groupe négatif (reads0): 13 éléments
    Indices: [9, 24, 25, 26, 27, 28, 61, 80, 91, 94, 98, 106, 111]
  Colonnes concernées: 3 éléments
    Indices: [10, 279, 292]
  Ratio: 100:13 (positif:négatif)

----------------------------------------

STEP 3:
  Groupe positif (reads1): 11 éléments
    Indices: [24, 25, 26, 27, 28, 61, 91, 94, 98, 106, 111]
  Groupe négatif (reads0): 102 éléments
    Indices: [0, 1, 2, 3, 4, 5, 6, 7, 8, 9, 10, 11, 12, 13, 14, 15, 16, 17, 18, 19, 20, 21, 22, 23, 29, 30, 31, 32, 33, 34, 35, 36, 37, 38, 39, 40, 41, 42, 43, 44, 45, 46, 47, 48, 49, 50, 51, 52, 53, 54, 55, 56, 57, 58, 59, 60, 62, 63, 64, 65, 66, 67, 68, 69, 70, 71, 72, 73, 74, 75, 76, 77, 78, 79, 80, 81, 82, 83, 84, 85, 86, 87, 88, 89, 90, 92, 93, 95, 96, 97, 99, 100, 101, 102, 103, 104, 105, 107, 108, 109, 110, 112]
  Colonnes concernées: 3 éléments
    Indices: [42, 207, 294]
  Ratio: 11:102 (positif:négatif)

----------------------------------------

STEP 4:
  Groupe positif (reads1): 11 éléments
    Indices: [24, 25, 26, 28, 61, 80, 91, 94, 98, 106, 111]
  Groupe négatif (reads0): 102 éléments
    Indices: [0, 1, 2, 3, 4, 5, 6, 7, 8, 9, 10, 11, 12, 13, 14, 15, 16, 17, 18, 19, 20, 21, 22, 23, 27, 29, 30, 31, 32, 33, 34, 35, 36, 37, 38, 39, 40, 41, 42, 43, 44, 45, 46, 47, 48, 49, 50, 51, 52, 53, 54, 55, 56, 57, 58, 59, 60, 62, 63, 64, 65, 66, 67, 68, 69, 70, 71, 72, 73, 74, 75, 76, 77, 78, 79, 81, 82, 83, 84, 85, 86, 87, 88, 89, 90, 92, 93, 95, 96, 97, 99, 100, 101, 102, 103, 104, 105, 107, 108, 109, 110, 112]
  Colonnes concernées: 10 éléments
    Indices: [58, 120, 147, 197, 198, 199, 239, 269, 315, 316]
  Ratio: 11:102 (positif:négatif)

----------------------------------------

STEP 5:
  Groupe positif (reads1): 63 éléments
    Indices: [9, 11, 14, 24, 25, 26, 27, 28, 29, 30, 31, 32, 33, 34, 35, 36, 37, 38, 39, 40, 41, 42, 43, 44, 45, 46, 47, 48, 49, 51, 53, 54, 57, 60, 61, 62, 63, 64, 65, 66, 67, 71, 74, 80, 81, 82, 83, 84, 85, 88, 91, 92, 93, 94, 95, 98, 102, 106, 107, 109, 110, 111, 112]
  Groupe négatif (reads0): 50 éléments
    Indices: [0, 1, 2, 3, 4, 5, 6, 7, 8, 10, 12, 13, 15, 16, 17, 18, 19, 20, 21, 22, 23, 50, 52, 55, 56, 58, 59, 68, 69, 70, 72, 73, 75, 76, 77, 78, 79, 86, 87, 89, 90, 96, 97, 99, 100, 101, 103, 104, 105, 108]
  Colonnes concernées: 32 éléments
    Indices: [51, 53, 80, 95, 96, 98, 105, 124, 125, 126, 130, 142, 143, 153, 159, 162, 163, 175, 180, 182, 185, 186, 187, 190, 191, 193, 231, 252, 262, 266, 267, 313]
  Ratio: 63:50 (positif:négatif)

----------------------------------------

STEP 6:
  Groupe positif (reads1): 62 éléments
    Indices: [0, 1, 2, 3, 4, 5, 6, 7, 8, 10, 12, 13, 15, 16, 17, 18, 19, 20, 21, 22, 23, 24, 25, 26, 27, 28, 50, 52, 55, 56, 58, 59, 61, 68, 69, 70, 72, 73, 75, 76, 77, 78, 79, 80, 86, 87, 89, 90, 91, 94, 96, 97, 98, 99, 100, 101, 103, 104, 105, 106, 108, 111]
  Groupe négatif (reads0): 51 éléments
    Indices: [9, 11, 14, 29, 30, 31, 32, 33, 34, 35, 36, 37, 38, 39, 40, 41, 42, 43, 44, 45, 46, 47, 48, 49, 51, 53, 54, 57, 60, 62, 63, 64, 65, 66, 67, 71, 74, 81, 82, 83, 84, 85, 88, 92, 93, 95, 102, 107, 109, 110, 112]
  Colonnes concernées: 10 éléments
    Indices: [20, 47, 65, 73, 76, 151, 156, 216, 218, 222]
  Ratio: 62:51 (positif:négatif)

----------------------------------------

