=== CLUSTERING STEPS POUR matrix_edge_10_115197_120197.csv ===
Nombre d'haplotypes: 4
Timestamp: 2025-06-06T15:36:45.204374
Nombre total de steps: 3

============================================================

STEP 1:
  Groupe positif (reads1): 1 éléments
    Indices: [6]
  Groupe négatif (reads0): 75 éléments
    Indices: [0, 1, 2, 3, 4, 5, 7, 8, 9, 10, 11, 12, 13, 14, 15, 16, 17, 18, 19, 20, 21, 22, 23, 24, 25, 26, 27, 28, 29, 30, 31, 32, 33, 34, 35, 36, 37, 38, 39, 40, 41, 42, 43, 44, 45, 46, 47, 48, 49, 50, 51, 52, 53, 54, 55, 56, 57, 58, 59, 60, 61, 62, 63, 64, 65, 66, 67, 68, 69, 70, 71, 72, 73, 74, 75]
  Colonnes concernées: 16 éléments
    Indices: [6, 19, 57, 159, 167, 168, 171, 187, 192, 193, 195, 199, 206, 207, 210, 212]
  Ratio: 1:75 (positif:négatif)

----------------------------------------

STEP 2:
  Groupe positif (reads1): 1 éléments
    Indices: [55]
  Groupe négatif (reads0): 75 éléments
    Indices: [0, 1, 2, 3, 4, 5, 6, 7, 8, 9, 10, 11, 12, 13, 14, 15, 16, 17, 18, 19, 20, 21, 22, 23, 24, 25, 26, 27, 28, 29, 30, 31, 32, 33, 34, 35, 36, 37, 38, 39, 40, 41, 42, 43, 44, 45, 46, 47, 48, 49, 50, 51, 52, 53, 54, 56, 57, 58, 59, 60, 61, 62, 63, 64, 65, 66, 67, 68, 69, 70, 71, 72, 73, 74, 75]
  Colonnes concernées: 3 éléments
    Indices: [11, 86, 151]
  Ratio: 1:75 (positif:négatif)

----------------------------------------

STEP 3:
  Groupe positif (reads1): 31 éléments
    Indices: [5, 9, 10, 12, 14, 15, 19, 21, 22, 24, 25, 26, 27, 29, 34, 36, 37, 38, 41, 42, 44, 46, 47, 48, 49, 50, 58, 59, 60, 65, 72]
  Groupe négatif (reads0): 45 éléments
    Indices: [0, 1, 2, 3, 4, 6, 7, 8, 11, 13, 16, 17, 18, 20, 23, 28, 30, 31, 32, 33, 35, 39, 40, 43, 45, 51, 52, 53, 54, 55, 56, 57, 61, 62, 63, 64, 66, 67, 68, 69, 70, 71, 73, 74, 75]
  Colonnes concernées: 18 éléments
    Indices: [76, 80, 81, 82, 89, 92, 95, 115, 120, 127, 132, 146, 149, 175, 182, 183, 186, 190]
  Ratio: 31:45 (positif:négatif)

----------------------------------------

