=== CLUSTERING STEPS POUR matrix_edge_19_56784_61784.csv ===
Nombre d'haplotypes: 4
Timestamp: 2025-06-06T15:36:51.518400
Nombre total de steps: 6

============================================================

STEP 1:
  Groupe positif (reads1): 96 éléments
    Indices: [38, 39, 40, 41, 42, 43, 44, 45, 46, 47, 48, 49, 50, 51, 52, 53, 54, 55, 56, 57, 58, 59, 60, 61, 62, 63, 64, 65, 66, 67, 68, 69, 70, 71, 72, 73, 74, 75, 76, 77, 78, 80, 82, 83, 84, 85, 86, 87, 93, 94, 96, 106, 107, 108, 109, 110, 111, 112, 113, 114, 115, 116, 117, 118, 119, 120, 121, 122, 123, 124, 125, 143, 144, 145, 146, 147, 149, 151, 156, 167, 168, 172, 173, 174, 175, 177, 178, 179, 180, 184, 185, 186, 187, 188, 189, 190]
  Groupe négatif (reads0): 96 éléments
    Indices: [0, 1, 2, 3, 4, 5, 6, 7, 8, 9, 10, 11, 12, 13, 14, 15, 16, 17, 18, 19, 20, 21, 22, 23, 24, 25, 26, 27, 28, 29, 30, 31, 32, 33, 34, 35, 36, 37, 79, 81, 88, 89, 90, 91, 92, 95, 97, 98, 99, 100, 101, 102, 103, 104, 105, 126, 127, 128, 129, 130, 131, 132, 133, 134, 135, 136, 137, 138, 139, 140, 141, 142, 148, 150, 152, 153, 154, 155, 157, 158, 159, 160, 161, 162, 163, 164, 165, 166, 169, 170, 171, 176, 181, 182, 183, 191]
  Colonnes concernées: 10 éléments
    Indices: [2, 20, 21, 53, 72, 74, 88, 92, 97, 119]
  Ratio: 96:96 (positif:négatif)

----------------------------------------

STEP 2:
  Groupe positif (reads1): 143 éléments
    Indices: [0, 1, 2, 3, 4, 5, 6, 7, 8, 9, 10, 11, 12, 13, 14, 15, 16, 17, 18, 19, 20, 21, 22, 23, 24, 25, 26, 27, 28, 29, 30, 31, 32, 33, 34, 35, 36, 37, 38, 39, 40, 41, 42, 43, 44, 48, 49, 50, 51, 52, 53, 54, 60, 61, 62, 63, 64, 65, 66, 73, 76, 78, 79, 81, 84, 85, 86, 87, 88, 89, 90, 91, 92, 93, 95, 96, 97, 98, 99, 100, 101, 102, 103, 104, 105, 106, 107, 115, 116, 120, 122, 126, 127, 128, 129, 130, 131, 132, 133, 134, 135, 136, 137, 138, 139, 140, 141, 142, 145, 148, 149, 150, 152, 153, 154, 155, 157, 158, 159, 160, 161, 162, 163, 164, 165, 166, 167, 168, 169, 170, 171, 172, 175, 176, 177, 180, 181, 182, 183, 185, 188, 189, 191]
  Groupe négatif (reads0): 49 éléments
    Indices: [45, 46, 47, 55, 56, 57, 58, 59, 67, 68, 69, 70, 71, 72, 74, 75, 77, 80, 82, 83, 94, 108, 109, 110, 111, 112, 113, 114, 117, 118, 119, 121, 123, 124, 125, 143, 144, 146, 147, 151, 156, 173, 174, 178, 179, 184, 186, 187, 190]
  Colonnes concernées: 7 éléments
    Indices: [15, 16, 25, 26, 69, 89, 128]
  Ratio: 143:49 (positif:négatif)

----------------------------------------

STEP 3:
  Groupe positif (reads1): 146 éléments
    Indices: [2, 3, 5, 7, 8, 10, 11, 14, 16, 17, 19, 22, 23, 24, 26, 28, 29, 30, 32, 38, 39, 40, 41, 42, 43, 44, 45, 46, 47, 48, 49, 50, 51, 52, 53, 54, 55, 56, 57, 58, 59, 60, 61, 62, 63, 64, 65, 66, 67, 68, 69, 70, 71, 72, 73, 74, 75, 76, 77, 78, 79, 80, 81, 82, 83, 84, 85, 86, 87, 88, 89, 90, 91, 93, 94, 95, 96, 98, 101, 105, 106, 107, 108, 109, 110, 111, 112, 113, 114, 115, 116, 117, 118, 119, 120, 121, 122, 123, 124, 125, 126, 131, 132, 134, 136, 137, 138, 142, 143, 144, 145, 146, 147, 149, 151, 154, 156, 157, 158, 159, 160, 161, 163, 164, 167, 168, 171, 172, 173, 174, 175, 176, 177, 178, 179, 180, 181, 182, 184, 185, 186, 187, 188, 189, 190, 191]
  Groupe négatif (reads0): 46 éléments
    Indices: [0, 1, 4, 6, 9, 12, 13, 15, 18, 20, 21, 25, 27, 31, 33, 34, 35, 36, 37, 92, 97, 99, 100, 102, 103, 104, 127, 128, 129, 130, 133, 135, 139, 140, 141, 148, 150, 152, 153, 155, 162, 165, 166, 169, 170, 183]
  Colonnes concernées: 6 éléments
    Indices: [14, 27, 31, 35, 66, 115]
  Ratio: 146:46 (positif:négatif)

----------------------------------------

STEP 4:
  Groupe positif (reads1): 96 éléments
    Indices: [38, 39, 40, 41, 42, 43, 44, 45, 46, 47, 48, 49, 50, 51, 52, 53, 54, 55, 56, 57, 58, 59, 60, 61, 62, 63, 64, 65, 66, 67, 68, 69, 70, 71, 72, 73, 74, 75, 76, 77, 78, 80, 82, 83, 84, 85, 86, 87, 93, 94, 96, 106, 107, 108, 109, 110, 111, 112, 113, 114, 115, 116, 117, 118, 119, 120, 121, 122, 123, 124, 125, 143, 144, 145, 146, 147, 149, 151, 156, 167, 168, 172, 173, 174, 175, 177, 178, 179, 180, 184, 185, 186, 187, 188, 189, 190]
  Groupe négatif (reads0): 96 éléments
    Indices: [0, 1, 2, 3, 4, 5, 6, 7, 8, 9, 10, 11, 12, 13, 14, 15, 16, 17, 18, 19, 20, 21, 22, 23, 24, 25, 26, 27, 28, 29, 30, 31, 32, 33, 34, 35, 36, 37, 79, 81, 88, 89, 90, 91, 92, 95, 97, 98, 99, 100, 101, 102, 103, 104, 105, 126, 127, 128, 129, 130, 131, 132, 133, 134, 135, 136, 137, 138, 139, 140, 141, 142, 148, 150, 152, 153, 154, 155, 157, 158, 159, 160, 161, 162, 163, 164, 165, 166, 169, 170, 171, 176, 181, 182, 183, 191]
  Colonnes concernées: 8 éléments
    Indices: [5, 6, 51, 77, 93, 96, 110, 116]
  Ratio: 96:96 (positif:négatif)

----------------------------------------

STEP 5:
  Groupe positif (reads1): 142 éléments
    Indices: [0, 1, 4, 6, 9, 12, 13, 15, 18, 20, 21, 25, 27, 31, 33, 34, 35, 36, 37, 38, 39, 40, 41, 42, 43, 44, 45, 46, 47, 48, 49, 50, 51, 52, 53, 54, 55, 56, 57, 58, 59, 60, 61, 62, 63, 64, 65, 66, 67, 68, 69, 70, 71, 72, 73, 74, 75, 76, 77, 78, 80, 82, 83, 84, 85, 86, 87, 92, 93, 94, 96, 97, 99, 100, 102, 103, 104, 106, 107, 108, 109, 110, 111, 112, 113, 114, 115, 116, 117, 118, 119, 120, 121, 122, 123, 124, 125, 127, 128, 129, 130, 133, 135, 139, 140, 141, 143, 144, 145, 146, 147, 148, 149, 150, 151, 152, 153, 155, 156, 162, 165, 166, 167, 168, 169, 170, 172, 173, 174, 175, 177, 178, 179, 180, 183, 184, 185, 186, 187, 188, 189, 190]
  Groupe négatif (reads0): 50 éléments
    Indices: [2, 3, 5, 7, 8, 10, 11, 14, 16, 17, 19, 22, 23, 24, 26, 28, 29, 30, 32, 79, 81, 88, 89, 90, 91, 95, 98, 101, 105, 126, 131, 132, 134, 136, 137, 138, 142, 154, 157, 158, 159, 160, 161, 163, 164, 171, 176, 181, 182, 191]
  Colonnes concernées: 13 éléments
    Indices: [19, 28, 34, 40, 43, 45, 47, 55, 60, 61, 64, 83, 100]
  Ratio: 142:50 (positif:négatif)

----------------------------------------

STEP 6:
  Groupe positif (reads1): 145 éléments
    Indices: [0, 1, 2, 3, 4, 5, 6, 7, 8, 9, 10, 11, 12, 13, 14, 15, 16, 17, 18, 19, 20, 21, 22, 23, 24, 25, 26, 27, 28, 29, 30, 31, 32, 33, 34, 35, 36, 37, 45, 46, 47, 55, 56, 57, 58, 59, 67, 68, 69, 70, 71, 72, 74, 75, 77, 79, 80, 81, 82, 83, 88, 89, 90, 91, 92, 94, 95, 97, 98, 99, 100, 101, 102, 103, 104, 105, 108, 109, 110, 111, 112, 113, 114, 117, 118, 119, 121, 123, 124, 125, 126, 127, 128, 129, 130, 131, 132, 133, 134, 135, 136, 137, 138, 139, 140, 141, 142, 143, 144, 146, 147, 148, 150, 151, 152, 153, 154, 155, 156, 157, 158, 159, 160, 161, 162, 163, 164, 165, 166, 169, 170, 171, 173, 174, 176, 178, 179, 181, 182, 183, 184, 186, 187, 190, 191]
  Groupe négatif (reads0): 47 éléments
    Indices: [38, 39, 40, 41, 42, 43, 44, 48, 49, 50, 51, 52, 53, 54, 60, 61, 62, 63, 64, 65, 66, 73, 76, 78, 84, 85, 86, 87, 93, 96, 106, 107, 115, 116, 120, 122, 145, 149, 167, 168, 172, 175, 177, 180, 185, 188, 189]
  Colonnes concernées: 9 éléments
    Indices: [36, 42, 56, 57, 58, 71, 80, 84, 121]
  Ratio: 145:47 (positif:négatif)

----------------------------------------

