=== CLUSTERING STEPS POUR matrix_edge_10_30315_35315.csv ===
Nombre d'haplotypes: 4
Timestamp: 2025-06-06T15:36:39.711811
Nombre total de steps: 5

============================================================

STEP 1:
  Groupe positif (reads1): 127 éléments
    Indices: [0, 1, 2, 3, 4, 5, 6, 7, 8, 9, 10, 11, 12, 13, 14, 15, 16, 17, 18, 19, 20, 21, 22, 23, 24, 25, 26, 27, 28, 29, 30, 31, 32, 33, 34, 35, 36, 37, 38, 39, 40, 41, 42, 43, 44, 45, 46, 47, 48, 49, 50, 51, 52, 53, 68, 69, 71, 72, 73, 75, 76, 78, 79, 81, 82, 84, 86, 87, 88, 89, 90, 91, 92, 93, 94, 95, 96, 97, 98, 100, 101, 102, 103, 104, 105, 106, 107, 108, 109, 110, 111, 112, 113, 114, 115, 116, 117, 124, 125, 126, 129, 130, 131, 132, 133, 134, 137, 138, 139, 140, 141, 146, 148, 149, 150, 152, 153, 154, 155, 156, 157, 158, 160, 161, 162, 163, 164]
  Groupe négatif (reads0): 38 éléments
    Indices: [54, 55, 56, 57, 58, 59, 60, 61, 62, 63, 64, 65, 66, 67, 70, 74, 77, 80, 83, 85, 99, 118, 119, 120, 121, 122, 123, 127, 128, 135, 136, 142, 143, 144, 145, 147, 151, 159]
  Colonnes concernées: 12 éléments
    Indices: [12, 29, 31, 32, 33, 52, 59, 74, 83, 97, 109, 141]
  Ratio: 127:38 (positif:négatif)

----------------------------------------

STEP 2:
  Groupe positif (reads1): 126 éléments
    Indices: [5, 6, 7, 8, 9, 10, 11, 12, 13, 14, 15, 16, 17, 18, 19, 20, 21, 22, 23, 24, 25, 26, 27, 28, 29, 31, 33, 34, 35, 36, 37, 38, 40, 41, 44, 45, 51, 52, 54, 55, 56, 57, 58, 59, 60, 61, 62, 63, 64, 65, 66, 67, 68, 70, 71, 74, 75, 76, 77, 79, 80, 81, 82, 83, 84, 85, 86, 87, 88, 90, 91, 93, 95, 96, 97, 99, 100, 101, 102, 103, 105, 106, 107, 108, 109, 110, 111, 112, 115, 116, 117, 118, 119, 120, 121, 122, 123, 125, 126, 127, 128, 129, 130, 131, 132, 133, 134, 135, 136, 137, 139, 141, 142, 143, 144, 145, 147, 148, 149, 150, 151, 154, 159, 160, 161, 163]
  Groupe négatif (reads0): 39 éléments
    Indices: [0, 1, 2, 3, 4, 30, 32, 39, 42, 43, 46, 47, 48, 49, 50, 53, 69, 72, 73, 78, 89, 92, 94, 98, 104, 113, 114, 124, 138, 140, 146, 152, 153, 155, 156, 157, 158, 162, 164]
  Colonnes concernées: 13 éléments
    Indices: [1, 6, 11, 15, 17, 21, 28, 48, 54, 65, 69, 78, 143]
  Ratio: 126:39 (positif:négatif)

----------------------------------------

STEP 3:
  Groupe positif (reads1): 94 éléments
    Indices: [5, 6, 7, 8, 9, 15, 16, 18, 20, 23, 24, 25, 27, 28, 29, 33, 35, 36, 38, 40, 44, 45, 51, 52, 54, 55, 56, 57, 58, 59, 60, 61, 62, 63, 64, 65, 66, 67, 68, 70, 74, 75, 77, 79, 80, 82, 83, 84, 85, 87, 91, 93, 96, 97, 99, 106, 107, 109, 110, 111, 112, 115, 118, 119, 120, 121, 122, 123, 125, 126, 127, 128, 129, 130, 131, 132, 133, 135, 136, 137, 139, 141, 142, 143, 144, 145, 147, 148, 149, 150, 151, 159, 160, 163]
  Groupe négatif (reads0): 71 éléments
    Indices: [0, 1, 2, 3, 4, 10, 11, 12, 13, 14, 17, 19, 21, 22, 26, 30, 31, 32, 34, 37, 39, 41, 42, 43, 46, 47, 48, 49, 50, 53, 69, 71, 72, 73, 76, 78, 81, 86, 88, 89, 90, 92, 94, 95, 98, 100, 101, 102, 103, 104, 105, 108, 113, 114, 116, 117, 124, 134, 138, 140, 146, 152, 153, 154, 155, 156, 157, 158, 161, 162, 164]
  Colonnes concernées: 17 éléments
    Indices: [7, 56, 72, 73, 80, 92, 107, 111, 117, 119, 120, 121, 122, 125, 126, 127, 137]
  Ratio: 94:71 (positif:négatif)

----------------------------------------

STEP 4:
  Groupe positif (reads1): 109 éléments
    Indices: [0, 1, 2, 3, 4, 10, 11, 12, 13, 14, 17, 19, 21, 22, 26, 30, 31, 32, 34, 37, 39, 41, 42, 43, 46, 47, 48, 49, 50, 53, 54, 55, 56, 57, 58, 59, 60, 61, 62, 63, 64, 65, 66, 67, 69, 70, 71, 72, 73, 74, 76, 77, 78, 80, 81, 83, 85, 86, 88, 89, 90, 92, 94, 95, 98, 99, 100, 101, 102, 103, 104, 105, 108, 113, 114, 116, 117, 118, 119, 120, 121, 122, 123, 124, 127, 128, 134, 135, 136, 138, 140, 142, 143, 144, 145, 146, 147, 151, 152, 153, 154, 155, 156, 157, 158, 159, 161, 162, 164]
  Groupe négatif (reads0): 56 éléments
    Indices: [5, 6, 7, 8, 9, 15, 16, 18, 20, 23, 24, 25, 27, 28, 29, 33, 35, 36, 38, 40, 44, 45, 51, 52, 68, 75, 79, 82, 84, 87, 91, 93, 96, 97, 106, 107, 109, 110, 111, 112, 115, 125, 126, 129, 130, 131, 132, 133, 137, 139, 141, 148, 149, 150, 160, 163]
  Colonnes concernées: 13 éléments
    Indices: [9, 14, 38, 41, 46, 55, 61, 95, 104, 108, 130, 142, 148]
  Ratio: 109:56 (positif:négatif)

----------------------------------------

STEP 5:
  Groupe positif (reads1): 32 éléments
    Indices: [10, 11, 12, 13, 14, 17, 19, 21, 22, 26, 31, 34, 37, 41, 71, 76, 81, 86, 88, 90, 95, 100, 101, 102, 103, 105, 108, 116, 117, 134, 154, 161]
  Groupe négatif (reads0): 133 éléments
    Indices: [0, 1, 2, 3, 4, 5, 6, 7, 8, 9, 15, 16, 18, 20, 23, 24, 25, 27, 28, 29, 30, 32, 33, 35, 36, 38, 39, 40, 42, 43, 44, 45, 46, 47, 48, 49, 50, 51, 52, 53, 54, 55, 56, 57, 58, 59, 60, 61, 62, 63, 64, 65, 66, 67, 68, 69, 70, 72, 73, 74, 75, 77, 78, 79, 80, 82, 83, 84, 85, 87, 89, 91, 92, 93, 94, 96, 97, 98, 99, 104, 106, 107, 109, 110, 111, 112, 113, 114, 115, 118, 119, 120, 121, 122, 123, 124, 125, 126, 127, 128, 129, 130, 131, 132, 133, 135, 136, 137, 138, 139, 140, 141, 142, 143, 144, 145, 146, 147, 148, 149, 150, 151, 152, 153, 155, 156, 157, 158, 159, 160, 162, 163, 164]
  Colonnes concernées: 11 éléments
    Indices: [18, 22, 27, 50, 76, 77, 123, 129, 133, 138, 147]
  Ratio: 32:133 (positif:négatif)

----------------------------------------

