=== CLUSTERING STEPS POUR matrix_edge_10_18189_23189.csv ===
Nombre d'haplotypes: 4
Timestamp: 2025-06-06T15:36:38.668600
Nombre total de steps: 27

============================================================

STEP 1:
  Groupe positif (reads1): 82 éléments
    Indices: [0, 1, 2, 3, 4, 5, 6, 7, 8, 9, 10, 11, 12, 13, 14, 15, 16, 17, 24, 25, 26, 27, 28, 34, 35, 36, 38, 39, 40, 42, 44, 45, 47, 52, 53, 54, 55, 56, 57, 59, 60, 62, 63, 64, 67, 69, 70, 71, 74, 75, 76, 77, 78, 79, 80, 82, 83, 84, 85, 91, 92, 93, 94, 95, 96, 97, 98, 102, 103, 110, 113, 116, 117, 118, 119, 120, 123, 124, 125, 126, 127, 131]
  Groupe négatif (reads0): 50 éléments
    Indices: [18, 19, 20, 21, 22, 23, 29, 30, 31, 32, 33, 37, 41, 43, 46, 48, 49, 50, 51, 58, 61, 65, 66, 68, 72, 73, 81, 86, 87, 88, 89, 90, 99, 100, 101, 104, 105, 106, 107, 108, 109, 111, 112, 114, 115, 121, 122, 128, 129, 130]
  Colonnes concernées: 5 éléments
    Indices: [0, 118, 122, 187, 189]
  Ratio: 82:50 (positif:négatif)

----------------------------------------

STEP 2:
  Groupe positif (reads1): 81 éléments
    Indices: [0, 1, 2, 3, 4, 5, 6, 7, 8, 9, 10, 11, 12, 13, 14, 15, 16, 17, 24, 25, 26, 27, 28, 34, 35, 36, 38, 39, 40, 42, 44, 45, 47, 52, 53, 54, 55, 56, 57, 59, 60, 62, 63, 64, 67, 69, 70, 71, 74, 75, 76, 77, 78, 79, 80, 83, 84, 85, 91, 92, 93, 94, 95, 96, 97, 98, 102, 103, 110, 113, 116, 117, 118, 119, 120, 123, 124, 125, 126, 127, 131]
  Groupe négatif (reads0): 51 éléments
    Indices: [18, 19, 20, 21, 22, 23, 29, 30, 31, 32, 33, 37, 41, 43, 46, 48, 49, 50, 51, 58, 61, 65, 66, 68, 72, 73, 81, 82, 86, 87, 88, 89, 90, 99, 100, 101, 104, 105, 106, 107, 108, 109, 111, 112, 114, 115, 121, 122, 128, 129, 130]
  Colonnes concernées: 37 éléments
    Indices: [1, 9, 20, 23, 35, 42, 44, 46, 54, 57, 87, 98, 105, 132, 134, 142, 148, 165, 166, 176, 180, 181, 182, 184, 193, 196, 212, 214, 215, 218, 244, 268, 285, 300, 314, 330, 339]
  Ratio: 81:51 (positif:négatif)

----------------------------------------

STEP 3:
  Groupe positif (reads1): 49 éléments
    Indices: [18, 19, 20, 21, 22, 23, 29, 30, 31, 32, 33, 37, 41, 43, 46, 48, 49, 50, 51, 58, 61, 65, 66, 68, 72, 73, 81, 82, 86, 89, 90, 99, 100, 101, 104, 105, 106, 107, 108, 109, 111, 112, 114, 115, 121, 122, 128, 129, 130]
  Groupe négatif (reads0): 83 éléments
    Indices: [0, 1, 2, 3, 4, 5, 6, 7, 8, 9, 10, 11, 12, 13, 14, 15, 16, 17, 24, 25, 26, 27, 28, 34, 35, 36, 38, 39, 40, 42, 44, 45, 47, 52, 53, 54, 55, 56, 57, 59, 60, 62, 63, 64, 67, 69, 70, 71, 74, 75, 76, 77, 78, 79, 80, 83, 84, 85, 87, 88, 91, 92, 93, 94, 95, 96, 97, 98, 102, 103, 110, 113, 116, 117, 118, 119, 120, 123, 124, 125, 126, 127, 131]
  Colonnes concernées: 3 éléments
    Indices: [16, 188, 294]
  Ratio: 49:83 (positif:négatif)

----------------------------------------

STEP 4:
  Groupe positif (reads1): 50 éléments
    Indices: [18, 19, 20, 21, 22, 23, 29, 30, 31, 32, 33, 37, 41, 43, 46, 48, 49, 50, 51, 58, 61, 65, 66, 68, 72, 73, 81, 82, 86, 87, 88, 89, 90, 99, 100, 101, 104, 105, 106, 107, 108, 109, 111, 112, 115, 121, 122, 128, 129, 130]
  Groupe négatif (reads0): 82 éléments
    Indices: [0, 1, 2, 3, 4, 5, 6, 7, 8, 9, 10, 11, 12, 13, 14, 15, 16, 17, 24, 25, 26, 27, 28, 34, 35, 36, 38, 39, 40, 42, 44, 45, 47, 52, 53, 54, 55, 56, 57, 59, 60, 62, 63, 64, 67, 69, 70, 71, 74, 75, 76, 77, 78, 79, 80, 83, 84, 85, 91, 92, 93, 94, 95, 96, 97, 98, 102, 103, 110, 113, 114, 116, 117, 118, 119, 120, 123, 124, 125, 126, 127, 131]
  Colonnes concernées: 5 éléments
    Indices: [21, 158, 220, 235, 312]
  Ratio: 50:82 (positif:négatif)

----------------------------------------

STEP 5:
  Groupe positif (reads1): 51 éléments
    Indices: [18, 19, 20, 21, 22, 23, 29, 30, 31, 32, 33, 37, 41, 43, 46, 48, 49, 50, 51, 58, 61, 65, 66, 68, 72, 73, 81, 82, 86, 87, 88, 89, 90, 99, 100, 101, 104, 105, 106, 107, 108, 109, 111, 112, 114, 115, 121, 122, 128, 129, 130]
  Groupe négatif (reads0): 81 éléments
    Indices: [0, 1, 2, 3, 4, 5, 6, 7, 8, 9, 10, 11, 12, 13, 14, 15, 16, 17, 24, 25, 26, 27, 28, 34, 35, 36, 38, 39, 40, 42, 44, 45, 47, 52, 53, 54, 55, 56, 57, 59, 60, 62, 63, 64, 67, 69, 70, 71, 74, 75, 76, 77, 78, 79, 80, 83, 84, 85, 91, 92, 93, 94, 95, 96, 97, 98, 102, 103, 110, 113, 116, 117, 118, 119, 120, 123, 124, 125, 126, 127, 131]
  Colonnes concernées: 14 éléments
    Indices: [24, 37, 99, 149, 168, 177, 224, 247, 259, 262, 271, 301, 334, 336]
  Ratio: 51:81 (positif:négatif)

----------------------------------------

STEP 6:
  Groupe positif (reads1): 80 éléments
    Indices: [0, 1, 2, 3, 4, 5, 6, 7, 8, 9, 10, 11, 12, 13, 14, 15, 16, 17, 24, 25, 26, 27, 28, 34, 35, 36, 38, 39, 40, 42, 44, 45, 47, 52, 53, 54, 55, 56, 57, 59, 60, 62, 63, 64, 67, 69, 70, 71, 74, 75, 76, 77, 78, 79, 80, 83, 84, 85, 91, 92, 93, 94, 95, 96, 97, 98, 102, 103, 113, 116, 117, 118, 119, 120, 123, 124, 125, 126, 127, 131]
  Groupe négatif (reads0): 52 éléments
    Indices: [18, 19, 20, 21, 22, 23, 29, 30, 31, 32, 33, 37, 41, 43, 46, 48, 49, 50, 51, 58, 61, 65, 66, 68, 72, 73, 81, 82, 86, 87, 88, 89, 90, 99, 100, 101, 104, 105, 106, 107, 108, 109, 110, 111, 112, 114, 115, 121, 122, 128, 129, 130]
  Colonnes concernées: 3 éléments
    Indices: [26, 50, 237]
  Ratio: 80:52 (positif:négatif)

----------------------------------------

STEP 7:
  Groupe positif (reads1): 82 éléments
    Indices: [0, 1, 2, 3, 4, 5, 6, 7, 8, 9, 10, 11, 12, 13, 14, 15, 16, 17, 24, 25, 26, 27, 28, 34, 35, 36, 38, 39, 40, 42, 44, 45, 47, 52, 53, 54, 55, 56, 57, 59, 60, 62, 63, 64, 67, 69, 70, 71, 74, 75, 76, 77, 78, 79, 80, 83, 84, 85, 91, 92, 93, 94, 95, 96, 97, 98, 102, 103, 105, 110, 113, 116, 117, 118, 119, 120, 123, 124, 125, 126, 127, 131]
  Groupe négatif (reads0): 50 éléments
    Indices: [18, 19, 20, 21, 22, 23, 29, 30, 31, 32, 33, 37, 41, 43, 46, 48, 49, 50, 51, 58, 61, 65, 66, 68, 72, 73, 81, 82, 86, 87, 88, 89, 90, 99, 100, 101, 104, 106, 107, 108, 109, 111, 112, 114, 115, 121, 122, 128, 129, 130]
  Colonnes concernées: 8 éléments
    Indices: [30, 112, 162, 173, 241, 270, 281, 282]
  Ratio: 82:50 (positif:négatif)

----------------------------------------

STEP 8:
  Groupe positif (reads1): 81 éléments
    Indices: [0, 1, 3, 4, 5, 6, 7, 8, 9, 10, 11, 12, 13, 14, 15, 16, 17, 24, 25, 26, 27, 28, 34, 35, 36, 38, 39, 40, 42, 44, 45, 47, 52, 53, 54, 55, 56, 57, 59, 60, 62, 63, 64, 67, 69, 70, 71, 74, 75, 76, 77, 78, 79, 80, 83, 84, 85, 91, 92, 93, 94, 95, 96, 97, 98, 102, 103, 109, 110, 113, 116, 117, 118, 119, 120, 123, 124, 125, 126, 127, 131]
  Groupe négatif (reads0): 51 éléments
    Indices: [2, 18, 19, 20, 21, 22, 23, 29, 30, 31, 32, 33, 37, 41, 43, 46, 48, 49, 50, 51, 58, 61, 65, 66, 68, 72, 73, 81, 82, 86, 87, 88, 89, 90, 99, 100, 101, 104, 105, 106, 107, 108, 111, 112, 114, 115, 121, 122, 128, 129, 130]
  Colonnes concernées: 3 éléments
    Indices: [40, 49, 139]
  Ratio: 81:51 (positif:négatif)

----------------------------------------

STEP 9:
  Groupe positif (reads1): 50 éléments
    Indices: [18, 19, 20, 21, 22, 29, 30, 31, 32, 33, 37, 41, 43, 46, 48, 49, 50, 51, 58, 61, 65, 66, 68, 72, 73, 81, 82, 86, 87, 88, 89, 90, 99, 100, 101, 104, 105, 106, 107, 108, 109, 111, 112, 114, 115, 121, 122, 128, 129, 130]
  Groupe négatif (reads0): 82 éléments
    Indices: [0, 1, 2, 3, 4, 5, 6, 7, 8, 9, 10, 11, 12, 13, 14, 15, 16, 17, 23, 24, 25, 26, 27, 28, 34, 35, 36, 38, 39, 40, 42, 44, 45, 47, 52, 53, 54, 55, 56, 57, 59, 60, 62, 63, 64, 67, 69, 70, 71, 74, 75, 76, 77, 78, 79, 80, 83, 84, 85, 91, 92, 93, 94, 95, 96, 97, 98, 102, 103, 110, 113, 116, 117, 118, 119, 120, 123, 124, 125, 126, 127, 131]
  Colonnes concernées: 4 éléments
    Indices: [43, 86, 240, 266]
  Ratio: 50:82 (positif:négatif)

----------------------------------------

STEP 10:
  Groupe positif (reads1): 82 éléments
    Indices: [0, 1, 2, 3, 4, 5, 6, 7, 8, 9, 10, 11, 12, 13, 14, 15, 16, 17, 20, 24, 25, 26, 27, 28, 34, 35, 36, 38, 39, 40, 42, 44, 45, 47, 52, 53, 54, 55, 56, 57, 59, 60, 62, 63, 64, 67, 69, 70, 71, 74, 75, 76, 77, 78, 79, 80, 83, 84, 85, 91, 92, 93, 94, 95, 96, 97, 98, 102, 103, 110, 113, 116, 117, 118, 119, 120, 123, 124, 125, 126, 127, 131]
  Groupe négatif (reads0): 50 éléments
    Indices: [18, 19, 21, 22, 23, 29, 30, 31, 32, 33, 37, 41, 43, 46, 48, 49, 50, 51, 58, 61, 65, 66, 68, 72, 73, 81, 82, 86, 87, 88, 89, 90, 99, 100, 101, 104, 105, 106, 107, 108, 109, 111, 112, 114, 115, 121, 122, 128, 129, 130]
  Colonnes concernées: 3 éléments
    Indices: [45, 170, 209]
  Ratio: 82:50 (positif:négatif)

----------------------------------------

STEP 11:
  Groupe positif (reads1): 82 éléments
    Indices: [0, 1, 2, 3, 4, 5, 6, 7, 8, 9, 10, 11, 12, 13, 14, 15, 16, 17, 24, 25, 26, 27, 28, 29, 34, 35, 36, 38, 39, 40, 42, 44, 45, 47, 52, 53, 54, 55, 56, 57, 59, 60, 62, 63, 64, 67, 69, 70, 71, 74, 75, 76, 77, 78, 79, 80, 83, 84, 85, 91, 92, 93, 94, 95, 96, 97, 98, 102, 103, 110, 113, 116, 117, 118, 119, 120, 123, 124, 125, 126, 127, 131]
  Groupe négatif (reads0): 50 éléments
    Indices: [18, 19, 20, 21, 22, 23, 30, 31, 32, 33, 37, 41, 43, 46, 48, 49, 50, 51, 58, 61, 65, 66, 68, 72, 73, 81, 82, 86, 87, 88, 89, 90, 99, 100, 101, 104, 105, 106, 107, 108, 109, 111, 112, 114, 115, 121, 122, 128, 129, 130]
  Colonnes concernées: 4 éléments
    Indices: [48, 153, 163, 274]
  Ratio: 82:50 (positif:négatif)

----------------------------------------

STEP 12:
  Groupe positif (reads1): 48 éléments
    Indices: [18, 19, 20, 21, 22, 23, 29, 30, 31, 32, 33, 37, 41, 43, 48, 49, 50, 51, 58, 61, 65, 66, 68, 72, 73, 81, 82, 86, 87, 88, 89, 90, 99, 100, 101, 104, 105, 107, 108, 109, 111, 112, 114, 115, 121, 122, 128, 130]
  Groupe négatif (reads0): 84 éléments
    Indices: [0, 1, 2, 3, 4, 5, 6, 7, 8, 9, 10, 11, 12, 13, 14, 15, 16, 17, 24, 25, 26, 27, 28, 34, 35, 36, 38, 39, 40, 42, 44, 45, 46, 47, 52, 53, 54, 55, 56, 57, 59, 60, 62, 63, 64, 67, 69, 70, 71, 74, 75, 76, 77, 78, 79, 80, 83, 84, 85, 91, 92, 93, 94, 95, 96, 97, 98, 102, 103, 106, 110, 113, 116, 117, 118, 119, 120, 123, 124, 125, 126, 127, 129, 131]
  Colonnes concernées: 5 éléments
    Indices: [56, 156, 229, 232, 269]
  Ratio: 48:84 (positif:négatif)

----------------------------------------

STEP 13:
  Groupe positif (reads1): 50 éléments
    Indices: [18, 19, 20, 21, 22, 23, 29, 30, 31, 32, 33, 37, 41, 43, 46, 48, 49, 50, 51, 58, 61, 65, 66, 68, 72, 73, 81, 82, 86, 87, 88, 89, 99, 100, 101, 104, 105, 106, 107, 108, 109, 111, 112, 114, 115, 121, 122, 128, 129, 130]
  Groupe négatif (reads0): 82 éléments
    Indices: [0, 1, 2, 3, 4, 5, 6, 7, 8, 9, 10, 11, 12, 13, 14, 15, 16, 17, 24, 25, 26, 27, 28, 34, 35, 36, 38, 39, 40, 42, 44, 45, 47, 52, 53, 54, 55, 56, 57, 59, 60, 62, 63, 64, 67, 69, 70, 71, 74, 75, 76, 77, 78, 79, 80, 83, 84, 85, 90, 91, 92, 93, 94, 95, 96, 97, 98, 102, 103, 110, 113, 116, 117, 118, 119, 120, 123, 124, 125, 126, 127, 131]
  Colonnes concernées: 6 éléments
    Indices: [91, 140, 169, 233, 245, 278]
  Ratio: 50:82 (positif:négatif)

----------------------------------------

STEP 14:
  Groupe positif (reads1): 49 éléments
    Indices: [18, 20, 21, 22, 23, 29, 30, 31, 32, 33, 41, 43, 46, 48, 49, 50, 51, 58, 61, 65, 66, 68, 72, 73, 81, 82, 86, 87, 88, 89, 90, 99, 100, 101, 104, 105, 106, 107, 108, 109, 111, 112, 114, 115, 121, 122, 128, 129, 130]
  Groupe négatif (reads0): 83 éléments
    Indices: [0, 1, 2, 3, 4, 5, 6, 7, 8, 9, 10, 11, 12, 13, 14, 15, 16, 17, 19, 24, 25, 26, 27, 28, 34, 35, 36, 37, 38, 39, 40, 42, 44, 45, 47, 52, 53, 54, 55, 56, 57, 59, 60, 62, 63, 64, 67, 69, 70, 71, 74, 75, 76, 77, 78, 79, 80, 83, 84, 85, 91, 92, 93, 94, 95, 96, 97, 98, 102, 103, 110, 113, 116, 117, 118, 119, 120, 123, 124, 125, 126, 127, 131]
  Colonnes concernées: 3 éléments
    Indices: [103, 121, 208]
  Ratio: 49:83 (positif:négatif)

----------------------------------------

STEP 15:
  Groupe positif (reads1): 82 éléments
    Indices: [0, 1, 2, 3, 4, 5, 6, 7, 8, 9, 10, 11, 12, 13, 14, 15, 16, 17, 24, 25, 26, 27, 28, 34, 35, 36, 38, 39, 40, 42, 44, 45, 47, 52, 53, 54, 55, 56, 57, 59, 60, 62, 63, 64, 67, 69, 70, 71, 74, 75, 76, 77, 78, 79, 80, 83, 84, 85, 91, 92, 93, 94, 95, 96, 97, 98, 99, 102, 103, 110, 113, 116, 117, 118, 119, 120, 123, 124, 125, 126, 127, 131]
  Groupe négatif (reads0): 50 éléments
    Indices: [18, 19, 20, 21, 22, 23, 29, 30, 31, 32, 33, 37, 41, 43, 46, 48, 49, 50, 51, 58, 61, 65, 66, 68, 72, 73, 81, 82, 86, 87, 88, 89, 90, 100, 101, 104, 105, 106, 107, 108, 109, 111, 112, 114, 115, 121, 122, 128, 129, 130]
  Colonnes concernées: 5 éléments
    Indices: [110, 133, 147, 198, 253]
  Ratio: 82:50 (positif:négatif)

----------------------------------------

STEP 16:
  Groupe positif (reads1): 82 éléments
    Indices: [0, 1, 2, 3, 4, 5, 6, 7, 8, 9, 10, 11, 12, 13, 14, 15, 16, 17, 24, 25, 26, 27, 28, 34, 35, 36, 38, 39, 40, 42, 44, 45, 47, 52, 53, 54, 55, 56, 57, 59, 60, 62, 63, 64, 67, 69, 70, 71, 74, 75, 76, 77, 78, 79, 80, 83, 84, 85, 91, 92, 93, 94, 95, 96, 97, 98, 102, 103, 110, 111, 113, 116, 117, 118, 119, 120, 123, 124, 125, 126, 127, 131]
  Groupe négatif (reads0): 50 éléments
    Indices: [18, 19, 20, 21, 22, 23, 29, 30, 31, 32, 33, 37, 41, 43, 46, 48, 49, 50, 51, 58, 61, 65, 66, 68, 72, 73, 81, 82, 86, 87, 88, 89, 90, 99, 100, 101, 104, 105, 106, 107, 108, 109, 112, 114, 115, 121, 122, 128, 129, 130]
  Colonnes concernées: 4 éléments
    Indices: [111, 179, 246, 267]
  Ratio: 82:50 (positif:négatif)

----------------------------------------

STEP 17:
  Groupe positif (reads1): 50 éléments
    Indices: [18, 19, 20, 21, 22, 23, 29, 30, 31, 32, 33, 37, 41, 43, 46, 48, 49, 50, 51, 58, 61, 65, 66, 68, 72, 73, 81, 82, 86, 87, 88, 89, 90, 99, 100, 101, 105, 106, 107, 108, 109, 111, 112, 114, 115, 121, 122, 128, 129, 130]
  Groupe négatif (reads0): 82 éléments
    Indices: [0, 1, 2, 3, 4, 5, 6, 7, 8, 9, 10, 11, 12, 13, 14, 15, 16, 17, 24, 25, 26, 27, 28, 34, 35, 36, 38, 39, 40, 42, 44, 45, 47, 52, 53, 54, 55, 56, 57, 59, 60, 62, 63, 64, 67, 69, 70, 71, 74, 75, 76, 77, 78, 79, 80, 83, 84, 85, 91, 92, 93, 94, 95, 96, 97, 98, 102, 103, 104, 110, 113, 116, 117, 118, 119, 120, 123, 124, 125, 126, 127, 131]
  Colonnes concernées: 3 éléments
    Indices: [119, 175, 286]
  Ratio: 50:82 (positif:négatif)

----------------------------------------

STEP 18:
  Groupe positif (reads1): 81 éléments
    Indices: [0, 1, 2, 3, 4, 5, 6, 7, 8, 9, 10, 11, 12, 13, 14, 15, 16, 17, 24, 26, 27, 28, 34, 35, 36, 38, 39, 40, 42, 44, 45, 47, 48, 52, 53, 54, 55, 56, 57, 59, 60, 62, 63, 64, 67, 69, 70, 71, 74, 75, 76, 77, 78, 79, 80, 83, 84, 85, 91, 92, 93, 94, 95, 96, 97, 98, 102, 103, 110, 113, 116, 117, 118, 119, 120, 123, 124, 125, 126, 127, 131]
  Groupe négatif (reads0): 51 éléments
    Indices: [18, 19, 20, 21, 22, 23, 25, 29, 30, 31, 32, 33, 37, 41, 43, 46, 49, 50, 51, 58, 61, 65, 66, 68, 72, 73, 81, 82, 86, 87, 88, 89, 90, 99, 100, 101, 104, 105, 106, 107, 108, 109, 111, 112, 114, 115, 121, 122, 128, 129, 130]
  Colonnes concernées: 3 éléments
    Indices: [136, 141, 151]
  Ratio: 81:51 (positif:négatif)

----------------------------------------

STEP 19:
  Groupe positif (reads1): 82 éléments
    Indices: [0, 1, 2, 3, 4, 5, 6, 7, 8, 9, 10, 11, 12, 13, 14, 15, 16, 17, 24, 25, 26, 27, 28, 34, 35, 36, 37, 38, 39, 40, 42, 44, 45, 47, 52, 53, 54, 55, 56, 57, 59, 60, 62, 63, 64, 67, 69, 70, 71, 74, 75, 76, 77, 78, 79, 80, 83, 84, 85, 91, 92, 93, 94, 95, 96, 97, 98, 102, 103, 110, 113, 116, 117, 118, 119, 120, 123, 124, 125, 126, 127, 131]
  Groupe négatif (reads0): 50 éléments
    Indices: [18, 19, 20, 21, 22, 23, 29, 30, 31, 32, 33, 41, 43, 46, 48, 49, 50, 51, 58, 61, 65, 66, 68, 72, 73, 81, 82, 86, 87, 88, 89, 90, 99, 100, 101, 104, 105, 106, 107, 108, 109, 111, 112, 114, 115, 121, 122, 128, 129, 130]
  Colonnes concernées: 3 éléments
    Indices: [199, 276, 296]
  Ratio: 82:50 (positif:négatif)

----------------------------------------

STEP 20:
  Groupe positif (reads1): 80 éléments
    Indices: [0, 1, 2, 3, 4, 5, 6, 7, 8, 9, 10, 11, 12, 13, 14, 15, 16, 17, 24, 25, 26, 27, 28, 34, 35, 36, 38, 39, 40, 42, 44, 45, 47, 52, 53, 54, 55, 56, 57, 59, 60, 62, 63, 64, 67, 69, 70, 71, 74, 75, 76, 77, 78, 79, 80, 83, 84, 85, 91, 92, 93, 94, 95, 97, 98, 102, 103, 110, 113, 116, 117, 118, 119, 120, 123, 124, 125, 126, 127, 131]
  Groupe négatif (reads0): 52 éléments
    Indices: [18, 19, 20, 21, 22, 23, 29, 30, 31, 32, 33, 37, 41, 43, 46, 48, 49, 50, 51, 58, 61, 65, 66, 68, 72, 73, 81, 82, 86, 87, 88, 89, 90, 96, 99, 100, 101, 104, 105, 106, 107, 108, 109, 111, 112, 114, 115, 121, 122, 128, 129, 130]
  Colonnes concernées: 3 éléments
    Indices: [202, 211, 222]
  Ratio: 80:52 (positif:négatif)

----------------------------------------

STEP 21:
  Groupe positif (reads1): 82 éléments
    Indices: [0, 1, 2, 3, 4, 5, 6, 7, 8, 9, 10, 11, 12, 13, 14, 15, 16, 17, 24, 25, 26, 27, 28, 34, 35, 36, 38, 39, 40, 42, 44, 45, 47, 52, 53, 54, 55, 56, 57, 59, 60, 62, 63, 64, 67, 69, 70, 71, 74, 75, 76, 77, 78, 79, 80, 83, 84, 85, 91, 92, 93, 94, 95, 96, 97, 98, 102, 103, 107, 110, 113, 116, 117, 118, 119, 120, 123, 124, 125, 126, 127, 131]
  Groupe négatif (reads0): 50 éléments
    Indices: [18, 19, 20, 21, 22, 23, 29, 30, 31, 32, 33, 37, 41, 43, 46, 48, 49, 50, 51, 58, 61, 65, 66, 68, 72, 73, 81, 82, 86, 87, 88, 89, 90, 99, 100, 101, 104, 105, 106, 108, 109, 111, 112, 114, 115, 121, 122, 128, 129, 130]
  Colonnes concernées: 3 éléments
    Indices: [203, 223, 234]
  Ratio: 82:50 (positif:négatif)

----------------------------------------

STEP 22:
  Groupe positif (reads1): 49 éléments
    Indices: [18, 19, 20, 21, 22, 23, 29, 30, 31, 32, 33, 37, 43, 46, 48, 49, 50, 51, 58, 61, 65, 66, 68, 72, 73, 81, 82, 86, 87, 88, 89, 90, 99, 100, 101, 104, 105, 107, 108, 109, 111, 112, 114, 115, 121, 122, 128, 129, 130]
  Groupe négatif (reads0): 83 éléments
    Indices: [0, 1, 2, 3, 4, 5, 6, 7, 8, 9, 10, 11, 12, 13, 14, 15, 16, 17, 24, 25, 26, 27, 28, 34, 35, 36, 38, 39, 40, 41, 42, 44, 45, 47, 52, 53, 54, 55, 56, 57, 59, 60, 62, 63, 64, 67, 69, 70, 71, 74, 75, 76, 77, 78, 79, 80, 83, 84, 85, 91, 92, 93, 94, 95, 96, 97, 98, 102, 103, 106, 110, 113, 116, 117, 118, 119, 120, 123, 124, 125, 126, 127, 131]
  Colonnes concernées: 3 éléments
    Indices: [204, 228, 293]
  Ratio: 49:83 (positif:négatif)

----------------------------------------

STEP 23:
  Groupe positif (reads1): 82 éléments
    Indices: [0, 1, 2, 3, 4, 5, 6, 7, 8, 9, 10, 11, 12, 13, 14, 15, 16, 17, 24, 25, 26, 27, 28, 31, 34, 35, 36, 38, 39, 40, 42, 44, 45, 47, 52, 53, 54, 55, 56, 57, 59, 60, 62, 63, 64, 67, 69, 70, 71, 74, 75, 76, 77, 78, 79, 80, 83, 84, 85, 91, 92, 93, 94, 95, 96, 97, 98, 102, 103, 110, 113, 116, 117, 118, 119, 120, 123, 124, 125, 126, 127, 131]
  Groupe négatif (reads0): 50 éléments
    Indices: [18, 19, 20, 21, 22, 23, 29, 30, 32, 33, 37, 41, 43, 46, 48, 49, 50, 51, 58, 61, 65, 66, 68, 72, 73, 81, 82, 86, 87, 88, 89, 90, 99, 100, 101, 104, 105, 106, 107, 108, 109, 111, 112, 114, 115, 121, 122, 128, 129, 130]
  Colonnes concernées: 3 éléments
    Indices: [206, 258, 291]
  Ratio: 82:50 (positif:négatif)

----------------------------------------

STEP 24:
  Groupe positif (reads1): 81 éléments
    Indices: [0, 1, 2, 3, 4, 5, 6, 7, 8, 9, 10, 11, 12, 13, 14, 15, 16, 17, 24, 25, 26, 27, 28, 34, 35, 36, 38, 39, 40, 42, 44, 45, 47, 52, 53, 54, 55, 56, 57, 59, 60, 61, 62, 63, 64, 67, 69, 70, 71, 74, 75, 76, 77, 78, 79, 80, 83, 84, 85, 91, 92, 93, 94, 95, 96, 97, 98, 102, 103, 110, 113, 116, 117, 118, 119, 123, 124, 125, 126, 127, 131]
  Groupe négatif (reads0): 51 éléments
    Indices: [18, 19, 20, 21, 22, 23, 29, 30, 31, 32, 33, 37, 41, 43, 46, 48, 49, 50, 51, 58, 65, 66, 68, 72, 73, 81, 82, 86, 87, 88, 89, 90, 99, 100, 101, 104, 105, 106, 107, 108, 109, 111, 112, 114, 115, 120, 121, 122, 128, 129, 130]
  Colonnes concernées: 3 éléments
    Indices: [230, 299, 320]
  Ratio: 81:51 (positif:négatif)

----------------------------------------

STEP 25:
  Groupe positif (reads1): 91 éléments
    Indices: [15, 16, 17, 18, 19, 20, 21, 22, 23, 24, 25, 26, 27, 28, 29, 30, 31, 32, 33, 34, 35, 36, 37, 38, 39, 40, 41, 42, 43, 44, 45, 46, 47, 48, 49, 50, 51, 52, 53, 56, 58, 59, 60, 61, 64, 65, 66, 68, 69, 70, 71, 72, 73, 80, 81, 82, 83, 84, 85, 86, 87, 88, 89, 90, 91, 92, 99, 100, 101, 102, 103, 104, 105, 106, 107, 108, 109, 110, 111, 112, 114, 115, 121, 122, 124, 125, 126, 127, 128, 129, 130]
  Groupe négatif (reads0): 41 éléments
    Indices: [0, 1, 2, 3, 4, 5, 6, 7, 8, 9, 10, 11, 12, 13, 14, 54, 55, 57, 62, 63, 67, 74, 75, 76, 77, 78, 79, 93, 94, 95, 96, 97, 98, 113, 116, 117, 118, 119, 120, 123, 131]
  Colonnes concernées: 18 éléments
    Indices: [4, 8, 31, 66, 75, 76, 78, 84, 89, 94, 97, 101, 114, 116, 117, 306, 307, 324]
  Ratio: 91:41 (positif:négatif)

----------------------------------------

STEP 26:
  Groupe positif (reads1): 40 éléments
    Indices: [15, 16, 17, 24, 25, 26, 27, 28, 34, 35, 36, 38, 39, 40, 42, 44, 45, 47, 52, 53, 56, 59, 60, 64, 69, 70, 71, 80, 83, 84, 85, 91, 92, 102, 103, 110, 124, 125, 126, 127]
  Groupe négatif (reads0): 92 éléments
    Indices: [0, 1, 2, 3, 4, 5, 6, 7, 8, 9, 10, 11, 12, 13, 14, 18, 19, 20, 21, 22, 23, 29, 30, 31, 32, 33, 37, 41, 43, 46, 48, 49, 50, 51, 54, 55, 57, 58, 61, 62, 63, 65, 66, 67, 68, 72, 73, 74, 75, 76, 77, 78, 79, 81, 82, 86, 87, 88, 89, 90, 93, 94, 95, 96, 97, 98, 99, 100, 101, 104, 105, 106, 107, 108, 109, 111, 112, 113, 114, 115, 116, 117, 118, 119, 120, 121, 122, 123, 128, 129, 130, 131]
  Colonnes concernées: 20 éléments
    Indices: [3, 33, 34, 47, 59, 63, 65, 68, 69, 70, 82, 85, 115, 309, 311, 315, 316, 318, 321, 323]
  Ratio: 40:92 (positif:négatif)

----------------------------------------

STEP 27:
  Groupe positif (reads1): 93 éléments
    Indices: [0, 1, 2, 3, 4, 5, 6, 7, 8, 9, 10, 11, 12, 13, 14, 18, 19, 20, 21, 22, 23, 29, 30, 31, 32, 33, 37, 41, 43, 46, 48, 49, 50, 51, 54, 55, 57, 58, 59, 61, 62, 63, 65, 66, 67, 68, 72, 73, 74, 75, 76, 77, 78, 79, 81, 82, 86, 87, 88, 89, 90, 93, 94, 95, 96, 97, 98, 99, 100, 101, 104, 105, 106, 107, 108, 109, 111, 112, 113, 114, 115, 116, 117, 118, 119, 120, 121, 122, 123, 128, 129, 130, 131]
  Groupe négatif (reads0): 39 éléments
    Indices: [15, 16, 17, 24, 25, 26, 27, 28, 34, 35, 36, 38, 39, 40, 42, 44, 45, 47, 52, 53, 56, 60, 64, 69, 70, 71, 80, 83, 84, 85, 91, 92, 102, 103, 110, 124, 125, 126, 127]
  Colonnes concernées: 4 éléments
    Indices: [14, 60, 104, 310]
  Ratio: 93:39 (positif:négatif)

----------------------------------------

