=== CLUSTERING STEPS POUR matrix_edge_10_42441_47441.csv ===
Nombre d'haplotypes: 4
Timestamp: 2025-06-06T15:36:40.700127
Nombre total de steps: 6

============================================================

STEP 1:
  Groupe positif (reads1): 87 éléments
    Indices: [0, 1, 7, 8, 10, 12, 13, 14, 15, 24, 27, 31, 32, 33, 35, 36, 37, 38, 41, 42, 43, 45, 47, 48, 49, 50, 51, 52, 55, 56, 59, 62, 63, 67, 69, 70, 73, 75, 77, 78, 80, 83, 87, 88, 90, 91, 94, 96, 97, 98, 99, 100, 101, 102, 104, 105, 106, 107, 108, 111, 112, 113, 114, 119, 120, 122, 125, 126, 131, 133, 135, 136, 138, 139, 140, 143, 149, 152, 153, 155, 157, 159, 160, 162, 167, 168, 170]
  Groupe négatif (reads0): 84 éléments
    Indices: [2, 3, 4, 5, 6, 9, 11, 16, 17, 18, 19, 20, 21, 22, 23, 25, 26, 28, 29, 30, 34, 39, 40, 44, 46, 53, 54, 57, 58, 60, 61, 64, 65, 66, 68, 71, 72, 74, 76, 79, 81, 82, 84, 85, 86, 89, 92, 93, 95, 103, 109, 110, 115, 116, 117, 118, 121, 123, 124, 127, 128, 129, 130, 132, 134, 137, 141, 142, 144, 145, 146, 147, 148, 150, 151, 154, 156, 158, 161, 163, 164, 165, 166, 169]
  Colonnes concernées: 7 éléments
    Indices: [0, 9, 18, 52, 55, 56, 72]
  Ratio: 87:84 (positif:négatif)

----------------------------------------

STEP 2:
  Groupe positif (reads1): 127 éléments
    Indices: [0, 1, 2, 3, 4, 5, 6, 9, 10, 11, 12, 15, 16, 17, 18, 19, 20, 21, 22, 23, 25, 26, 28, 29, 30, 32, 34, 37, 38, 39, 40, 42, 43, 44, 46, 47, 48, 50, 51, 52, 53, 54, 55, 57, 58, 59, 60, 61, 64, 65, 66, 68, 71, 72, 74, 75, 76, 77, 79, 80, 81, 82, 84, 85, 86, 89, 91, 92, 93, 95, 97, 98, 99, 102, 103, 105, 106, 109, 110, 111, 112, 113, 114, 115, 116, 117, 118, 119, 120, 121, 123, 124, 127, 128, 129, 130, 131, 132, 133, 134, 135, 137, 139, 140, 141, 142, 143, 144, 145, 146, 147, 148, 149, 150, 151, 154, 156, 157, 158, 161, 162, 163, 164, 165, 166, 168, 169]
  Groupe négatif (reads0): 44 éléments
    Indices: [7, 8, 13, 14, 24, 27, 31, 33, 35, 36, 41, 45, 49, 56, 62, 63, 67, 69, 70, 73, 78, 83, 87, 88, 90, 94, 96, 100, 101, 104, 107, 108, 122, 125, 126, 136, 138, 152, 153, 155, 159, 160, 167, 170]
  Colonnes concernées: 9 éléments
    Indices: [2, 3, 4, 14, 61, 67, 71, 114, 123]
  Ratio: 127:44 (positif:négatif)

----------------------------------------

STEP 3:
  Groupe positif (reads1): 128 éléments
    Indices: [2, 3, 4, 5, 6, 7, 8, 9, 11, 13, 14, 16, 17, 18, 19, 20, 21, 22, 23, 24, 25, 26, 27, 28, 29, 30, 31, 33, 34, 35, 36, 39, 40, 41, 44, 45, 46, 49, 53, 54, 56, 57, 58, 60, 61, 62, 63, 64, 65, 66, 67, 68, 69, 70, 71, 72, 73, 74, 76, 78, 79, 81, 82, 83, 84, 85, 86, 87, 88, 89, 90, 92, 93, 94, 95, 96, 100, 101, 103, 104, 107, 108, 109, 110, 115, 116, 117, 118, 121, 122, 123, 124, 125, 126, 127, 128, 129, 130, 132, 134, 136, 137, 138, 141, 142, 144, 145, 146, 147, 148, 150, 151, 152, 153, 154, 155, 156, 158, 159, 160, 161, 163, 164, 165, 166, 167, 169, 170]
  Groupe négatif (reads0): 43 éléments
    Indices: [0, 1, 10, 12, 15, 32, 37, 38, 42, 43, 47, 48, 50, 51, 52, 55, 59, 75, 77, 80, 91, 97, 98, 99, 102, 105, 106, 111, 112, 113, 114, 119, 120, 131, 133, 135, 139, 140, 143, 149, 157, 162, 168]
  Colonnes concernées: 3 éléments
    Indices: [10, 68, 121]
  Ratio: 128:43 (positif:négatif)

----------------------------------------

STEP 4:
  Groupe positif (reads1): 87 éléments
    Indices: [0, 1, 7, 8, 10, 12, 13, 14, 15, 24, 27, 31, 32, 33, 35, 36, 37, 38, 41, 42, 43, 45, 47, 48, 49, 50, 51, 52, 55, 56, 59, 62, 63, 67, 69, 70, 73, 75, 77, 78, 80, 83, 87, 88, 90, 91, 94, 96, 97, 98, 99, 100, 101, 102, 104, 105, 106, 107, 108, 111, 112, 113, 114, 119, 120, 122, 125, 126, 131, 133, 135, 136, 138, 139, 140, 143, 149, 152, 153, 155, 157, 159, 160, 162, 167, 168, 170]
  Groupe négatif (reads0): 84 éléments
    Indices: [2, 3, 4, 5, 6, 9, 11, 16, 17, 18, 19, 20, 21, 22, 23, 25, 26, 28, 29, 30, 34, 39, 40, 44, 46, 53, 54, 57, 58, 60, 61, 64, 65, 66, 68, 71, 72, 74, 76, 79, 81, 82, 84, 85, 86, 89, 92, 93, 95, 103, 109, 110, 115, 116, 117, 118, 121, 123, 124, 127, 128, 129, 130, 132, 134, 137, 141, 142, 144, 145, 146, 147, 148, 150, 151, 154, 156, 158, 161, 163, 164, 165, 166, 169]
  Colonnes concernées: 5 éléments
    Indices: [16, 23, 46, 98, 103]
  Ratio: 87:84 (positif:négatif)

----------------------------------------

STEP 5:
  Groupe positif (reads1): 132 éléments
    Indices: [0, 1, 2, 3, 4, 5, 6, 7, 8, 9, 10, 11, 12, 13, 14, 15, 16, 24, 25, 26, 27, 28, 29, 30, 31, 32, 33, 35, 36, 37, 38, 40, 41, 42, 43, 45, 46, 47, 48, 49, 50, 51, 52, 53, 55, 56, 57, 59, 60, 62, 63, 64, 65, 67, 69, 70, 71, 73, 75, 76, 77, 78, 79, 80, 82, 83, 85, 87, 88, 89, 90, 91, 92, 93, 94, 95, 96, 97, 98, 99, 100, 101, 102, 104, 105, 106, 107, 108, 109, 110, 111, 112, 113, 114, 119, 120, 121, 122, 123, 124, 125, 126, 127, 129, 131, 132, 133, 135, 136, 138, 139, 140, 143, 145, 149, 150, 152, 153, 155, 156, 157, 158, 159, 160, 161, 162, 163, 165, 167, 168, 169, 170]
  Groupe négatif (reads0): 39 éléments
    Indices: [17, 18, 19, 20, 21, 22, 23, 34, 39, 44, 54, 58, 61, 66, 68, 72, 74, 81, 84, 86, 103, 115, 116, 117, 118, 128, 130, 134, 137, 141, 142, 144, 146, 147, 148, 151, 154, 164, 166]
  Colonnes concernées: 10 éléments
    Indices: [35, 40, 64, 81, 82, 83, 84, 100, 104, 115]
  Ratio: 132:39 (positif:négatif)

----------------------------------------

STEP 6:
  Groupe positif (reads1): 126 éléments
    Indices: [0, 1, 7, 8, 10, 12, 13, 14, 15, 17, 18, 19, 20, 21, 22, 23, 24, 27, 31, 32, 33, 34, 35, 36, 37, 38, 39, 41, 42, 43, 44, 45, 47, 48, 49, 50, 51, 52, 54, 55, 56, 58, 59, 61, 62, 63, 66, 67, 68, 69, 70, 72, 73, 74, 75, 77, 78, 80, 81, 83, 84, 86, 87, 88, 90, 91, 94, 96, 97, 98, 99, 100, 101, 102, 103, 104, 105, 106, 107, 108, 111, 112, 113, 114, 115, 116, 117, 118, 119, 120, 122, 125, 126, 128, 130, 131, 133, 134, 135, 136, 137, 138, 139, 140, 141, 142, 143, 144, 146, 147, 148, 149, 151, 152, 153, 154, 155, 157, 159, 160, 162, 164, 166, 167, 168, 170]
  Groupe négatif (reads0): 45 éléments
    Indices: [2, 3, 4, 5, 6, 9, 11, 16, 25, 26, 28, 29, 30, 40, 46, 53, 57, 60, 64, 65, 71, 76, 79, 82, 85, 89, 92, 93, 95, 109, 110, 121, 123, 124, 127, 129, 132, 145, 150, 156, 158, 161, 163, 165, 169]
  Colonnes concernées: 8 éléments
    Indices: [32, 38, 78, 85, 89, 90, 96, 107]
  Ratio: 126:45 (positif:négatif)

----------------------------------------

