=== CLUSTERING STEPS POUR matrix_edge_11_53322_58322.csv ===
Nombre d'haplotypes: 4
Timestamp: 2025-06-06T15:36:46.252639
Nombre total de steps: 18

============================================================

STEP 1:
  Groupe positif (reads1): 1 éléments
    Indices: [41]
  Groupe négatif (reads0): 60 éléments
    Indices: [0, 1, 2, 3, 4, 5, 6, 7, 8, 9, 10, 11, 12, 13, 14, 15, 16, 17, 18, 19, 20, 21, 22, 23, 24, 25, 26, 27, 28, 29, 30, 31, 32, 33, 34, 35, 36, 37, 38, 39, 40, 42, 43, 44, 45, 46, 47, 48, 49, 50, 51, 52, 53, 54, 55, 56, 57, 58, 59, 60]
  Colonnes concernées: 3 éléments
    Indices: [10, 275, 355]
  Ratio: 1:60 (positif:négatif)

----------------------------------------

STEP 2:
  Groupe positif (reads1): 1 éléments
    Indices: [53]
  Groupe négatif (reads0): 60 éléments
    Indices: [0, 1, 2, 3, 4, 5, 6, 7, 8, 9, 10, 11, 12, 13, 14, 15, 16, 17, 18, 19, 20, 21, 22, 23, 24, 25, 26, 27, 28, 29, 30, 31, 32, 33, 34, 35, 36, 37, 38, 39, 40, 41, 42, 43, 44, 45, 46, 47, 48, 49, 50, 51, 52, 54, 55, 56, 57, 58, 59, 60]
  Colonnes concernées: 3 éléments
    Indices: [16, 155, 218]
  Ratio: 1:60 (positif:négatif)

----------------------------------------

STEP 3:
  Groupe positif (reads1): 1 éléments
    Indices: [39]
  Groupe négatif (reads0): 60 éléments
    Indices: [0, 1, 2, 3, 4, 5, 6, 7, 8, 9, 10, 11, 12, 13, 14, 15, 16, 17, 18, 19, 20, 21, 22, 23, 24, 25, 26, 27, 28, 29, 30, 31, 32, 33, 34, 35, 36, 37, 38, 40, 41, 42, 43, 44, 45, 46, 47, 48, 49, 50, 51, 52, 53, 54, 55, 56, 57, 58, 59, 60]
  Colonnes concernées: 19 éléments
    Indices: [20, 80, 182, 258, 321, 336, 341, 344, 346, 348, 356, 357, 359, 360, 362, 364, 366, 367, 369]
  Ratio: 1:60 (positif:négatif)

----------------------------------------

STEP 4:
  Groupe positif (reads1): 1 éléments
    Indices: [35]
  Groupe négatif (reads0): 60 éléments
    Indices: [0, 1, 2, 3, 4, 5, 6, 7, 8, 9, 10, 11, 12, 13, 14, 15, 16, 17, 18, 19, 20, 21, 22, 23, 24, 25, 26, 27, 28, 29, 30, 31, 32, 33, 34, 36, 37, 38, 39, 40, 41, 42, 43, 44, 45, 46, 47, 48, 49, 50, 51, 52, 53, 54, 55, 56, 57, 58, 59, 60]
  Colonnes concernées: 3 éléments
    Indices: [22, 44, 244]
  Ratio: 1:60 (positif:négatif)

----------------------------------------

STEP 5:
  Groupe positif (reads1): 1 éléments
    Indices: [13]
  Groupe négatif (reads0): 60 éléments
    Indices: [0, 1, 2, 3, 4, 5, 6, 7, 8, 9, 10, 11, 12, 14, 15, 16, 17, 18, 19, 20, 21, 22, 23, 24, 25, 26, 27, 28, 29, 30, 31, 32, 33, 34, 35, 36, 37, 38, 39, 40, 41, 42, 43, 44, 45, 46, 47, 48, 49, 50, 51, 52, 53, 54, 55, 56, 57, 58, 59, 60]
  Colonnes concernées: 3 éléments
    Indices: [35, 282, 300]
  Ratio: 1:60 (positif:négatif)

----------------------------------------

STEP 6:
  Groupe positif (reads1): 1 éléments
    Indices: [56]
  Groupe négatif (reads0): 60 éléments
    Indices: [0, 1, 2, 3, 4, 5, 6, 7, 8, 9, 10, 11, 12, 13, 14, 15, 16, 17, 18, 19, 20, 21, 22, 23, 24, 25, 26, 27, 28, 29, 30, 31, 32, 33, 34, 35, 36, 37, 38, 39, 40, 41, 42, 43, 44, 45, 46, 47, 48, 49, 50, 51, 52, 53, 54, 55, 57, 58, 59, 60]
  Colonnes concernées: 3 éléments
    Indices: [256, 257, 349]
  Ratio: 1:60 (positif:négatif)

----------------------------------------

STEP 7:
  Groupe positif (reads1): 1 éléments
    Indices: [30]
  Groupe négatif (reads0): 60 éléments
    Indices: [0, 1, 2, 3, 4, 5, 6, 7, 8, 9, 10, 11, 12, 13, 14, 15, 16, 17, 18, 19, 20, 21, 22, 23, 24, 25, 26, 27, 28, 29, 31, 32, 33, 34, 35, 36, 37, 38, 39, 40, 41, 42, 43, 44, 45, 46, 47, 48, 49, 50, 51, 52, 53, 54, 55, 56, 57, 58, 59, 60]
  Colonnes concernées: 4 éléments
    Indices: [294, 304, 309, 337]
  Ratio: 1:60 (positif:négatif)

----------------------------------------

STEP 8:
  Groupe positif (reads1): 18 éléments
    Indices: [0, 14, 17, 18, 22, 25, 26, 32, 33, 40, 42, 46, 48, 49, 50, 51, 52, 58]
  Groupe négatif (reads0): 43 éléments
    Indices: [1, 2, 3, 4, 5, 6, 7, 8, 9, 10, 11, 12, 13, 15, 16, 19, 20, 21, 23, 24, 27, 28, 29, 30, 31, 34, 35, 36, 37, 38, 39, 41, 43, 44, 45, 47, 53, 54, 55, 56, 57, 59, 60]
  Colonnes concernées: 84 éléments
    Indices: [1, 2, 11, 14, 15, 18, 23, 30, 32, 37, 39, 41, 45, 47, 50, 55, 56, 57, 63, 65, 66, 67, 70, 72, 73, 75, 87, 99, 101, 103, 104, 108, 110, 112, 118, 121, 123, 124, 127, 135, 142, 148, 149, 157, 163, 165, 173, 177, 186, 190, 191, 193, 194, 197, 206, 212, 215, 220, 221, 224, 230, 235, 245, 248, 251, 255, 261, 263, 265, 266, 268, 273, 280, 284, 286, 290, 291, 311, 319, 324, 328, 331, 350, 352]
  Ratio: 18:43 (positif:négatif)

----------------------------------------

STEP 9:
  Groupe positif (reads1): 44 éléments
    Indices: [1, 2, 3, 4, 5, 6, 7, 8, 9, 10, 11, 12, 13, 15, 16, 19, 20, 21, 23, 24, 27, 28, 29, 30, 31, 34, 35, 36, 37, 38, 39, 41, 43, 44, 45, 47, 49, 53, 54, 55, 56, 57, 59, 60]
  Groupe négatif (reads0): 17 éléments
    Indices: [0, 14, 17, 18, 22, 25, 26, 32, 33, 40, 42, 46, 48, 50, 51, 52, 58]
  Colonnes concernées: 8 éléments
    Indices: [4, 68, 132, 203, 219, 237, 240, 254]
  Ratio: 44:17 (positif:négatif)

----------------------------------------

STEP 10:
  Groupe positif (reads1): 44 éléments
    Indices: [1, 2, 3, 4, 5, 6, 7, 8, 9, 10, 11, 12, 13, 15, 16, 19, 20, 21, 23, 24, 27, 28, 29, 30, 31, 32, 34, 35, 36, 37, 38, 39, 41, 43, 44, 45, 47, 53, 54, 55, 56, 57, 59, 60]
  Groupe négatif (reads0): 17 éléments
    Indices: [0, 14, 17, 18, 22, 25, 26, 33, 40, 42, 46, 48, 49, 50, 51, 52, 58]
  Colonnes concernées: 5 éléments
    Indices: [34, 86, 94, 146, 320]
  Ratio: 44:17 (positif:négatif)

----------------------------------------

STEP 11:
  Groupe positif (reads1): 44 éléments
    Indices: [1, 2, 3, 4, 5, 6, 7, 8, 9, 10, 11, 12, 13, 15, 16, 19, 20, 21, 23, 24, 27, 28, 29, 30, 31, 34, 35, 36, 37, 38, 39, 41, 43, 44, 45, 47, 51, 53, 54, 55, 56, 57, 59, 60]
  Groupe négatif (reads0): 17 éléments
    Indices: [0, 14, 17, 18, 22, 25, 26, 32, 33, 40, 42, 46, 48, 49, 50, 52, 58]
  Colonnes concernées: 3 éléments
    Indices: [43, 102, 131]
  Ratio: 44:17 (positif:négatif)

----------------------------------------

STEP 12:
  Groupe positif (reads1): 44 éléments
    Indices: [1, 2, 3, 4, 5, 6, 7, 8, 9, 10, 11, 12, 13, 14, 15, 16, 19, 20, 21, 23, 24, 27, 28, 29, 30, 31, 34, 35, 36, 37, 38, 39, 41, 43, 44, 45, 47, 53, 54, 55, 56, 57, 59, 60]
  Groupe négatif (reads0): 17 éléments
    Indices: [0, 17, 18, 22, 25, 26, 32, 33, 40, 42, 46, 48, 49, 50, 51, 52, 58]
  Colonnes concernées: 5 éléments
    Indices: [51, 52, 91, 204, 260]
  Ratio: 44:17 (positif:négatif)

----------------------------------------

STEP 13:
  Groupe positif (reads1): 44 éléments
    Indices: [1, 2, 3, 4, 5, 6, 7, 8, 9, 10, 11, 12, 13, 15, 16, 17, 19, 20, 21, 23, 24, 27, 28, 29, 30, 31, 34, 35, 36, 37, 38, 39, 41, 43, 44, 45, 47, 53, 54, 55, 56, 57, 59, 60]
  Groupe négatif (reads0): 17 éléments
    Indices: [0, 14, 18, 22, 25, 26, 32, 33, 40, 42, 46, 48, 49, 50, 51, 52, 58]
  Colonnes concernées: 5 éléments
    Indices: [60, 79, 81, 83, 136]
  Ratio: 44:17 (positif:négatif)

----------------------------------------

STEP 14:
  Groupe positif (reads1): 44 éléments
    Indices: [1, 2, 3, 4, 5, 6, 7, 8, 9, 10, 11, 12, 13, 15, 16, 19, 20, 21, 22, 23, 24, 27, 28, 29, 30, 31, 34, 35, 36, 37, 38, 39, 41, 43, 44, 45, 47, 53, 54, 55, 56, 57, 59, 60]
  Groupe négatif (reads0): 17 éléments
    Indices: [0, 14, 17, 18, 25, 26, 32, 33, 40, 42, 46, 48, 49, 50, 51, 52, 58]
  Colonnes concernées: 3 éléments
    Indices: [90, 178, 269]
  Ratio: 44:17 (positif:négatif)

----------------------------------------

STEP 15:
  Groupe positif (reads1): 44 éléments
    Indices: [1, 2, 3, 4, 5, 6, 7, 8, 9, 10, 11, 12, 13, 15, 16, 19, 20, 21, 23, 24, 26, 27, 28, 29, 30, 31, 34, 35, 36, 37, 38, 39, 41, 43, 44, 45, 47, 53, 54, 55, 56, 57, 59, 60]
  Groupe négatif (reads0): 17 éléments
    Indices: [0, 14, 17, 18, 22, 25, 32, 33, 40, 42, 46, 48, 49, 50, 51, 52, 58]
  Colonnes concernées: 3 éléments
    Indices: [92, 195, 288]
  Ratio: 44:17 (positif:négatif)

----------------------------------------

STEP 16:
  Groupe positif (reads1): 44 éléments
    Indices: [1, 2, 3, 4, 5, 6, 7, 8, 9, 10, 11, 12, 13, 15, 16, 19, 20, 21, 23, 24, 27, 28, 29, 30, 31, 34, 35, 36, 37, 38, 39, 41, 42, 43, 44, 45, 47, 53, 54, 55, 56, 57, 59, 60]
  Groupe négatif (reads0): 17 éléments
    Indices: [0, 14, 17, 18, 22, 25, 26, 32, 33, 40, 46, 48, 49, 50, 51, 52, 58]
  Colonnes concernées: 4 éléments
    Indices: [106, 166, 246, 270]
  Ratio: 44:17 (positif:négatif)

----------------------------------------

STEP 17:
  Groupe positif (reads1): 44 éléments
    Indices: [1, 2, 3, 4, 5, 6, 7, 8, 9, 10, 11, 12, 13, 15, 16, 19, 20, 21, 23, 24, 27, 28, 29, 30, 31, 34, 35, 36, 37, 38, 39, 41, 43, 44, 45, 46, 47, 53, 54, 55, 56, 57, 59, 60]
  Groupe négatif (reads0): 17 éléments
    Indices: [0, 14, 17, 18, 22, 25, 26, 32, 33, 40, 42, 48, 49, 50, 51, 52, 58]
  Colonnes concernées: 3 éléments
    Indices: [140, 170, 205]
  Ratio: 44:17 (positif:négatif)

----------------------------------------

STEP 18:
  Groupe positif (reads1): 44 éléments
    Indices: [0, 1, 2, 3, 4, 5, 6, 7, 8, 9, 10, 11, 12, 13, 15, 16, 19, 20, 21, 23, 24, 27, 28, 29, 30, 31, 34, 35, 36, 37, 38, 39, 41, 43, 44, 45, 47, 53, 54, 55, 56, 57, 59, 60]
  Groupe négatif (reads0): 17 éléments
    Indices: [14, 17, 18, 22, 25, 26, 32, 33, 40, 42, 46, 48, 49, 50, 51, 52, 58]
  Colonnes concernées: 3 éléments
    Indices: [161, 183, 249]
  Ratio: 44:17 (positif:négatif)

----------------------------------------

