=== CLUSTERING STEPS POUR matrix_edge_2_0_5000.csv ===
Nombre d'haplotypes: 4
Timestamp: 2025-06-06T15:35:47.213605
Nombre total de steps: 17

============================================================

STEP 1:
  Groupe positif (reads1): 139 éléments
    Indices: [10, 11, 12, 13, 14, 15, 16, 17, 18, 31, 32, 33, 34, 35, 36, 37, 38, 39, 62, 63, 64, 65, 66, 67, 68, 69, 70, 71, 72, 73, 74, 75, 76, 77, 78, 79, 90, 91, 92, 93, 94, 95, 96, 104, 108, 115, 116, 117, 123, 124, 125, 126, 127, 128, 129, 130, 131, 132, 140, 141, 142, 143, 146, 147, 148, 150, 155, 156, 157, 158, 162, 163, 164, 168, 170, 172, 173, 174, 175, 178, 180, 181, 189, 190, 191, 192, 196, 197, 198, 199, 207, 208, 214, 216, 230, 231, 232, 234, 235, 236, 237, 238, 241, 242, 243, 245, 247, 249, 251, 252, 254, 256, 259, 260, 261, 262, 263, 265, 266, 269, 271, 279, 285, 286, 290, 291, 294, 295, 296, 297, 299, 300, 301, 303, 304, 305, 306, 307, 309]
  Groupe négatif (reads0): 172 éléments
    Indices: [0, 1, 2, 3, 4, 5, 6, 7, 8, 9, 19, 20, 21, 22, 23, 24, 25, 26, 27, 28, 29, 30, 40, 41, 42, 43, 44, 45, 46, 47, 48, 49, 50, 51, 52, 53, 54, 55, 56, 57, 58, 59, 60, 61, 80, 81, 82, 83, 84, 85, 86, 87, 88, 89, 97, 98, 99, 100, 101, 102, 103, 105, 106, 107, 109, 110, 111, 112, 113, 114, 118, 119, 120, 121, 122, 133, 134, 135, 136, 137, 138, 139, 144, 145, 149, 151, 152, 153, 154, 159, 160, 161, 165, 166, 167, 169, 171, 176, 177, 179, 182, 183, 184, 185, 186, 187, 188, 193, 194, 195, 200, 201, 202, 203, 204, 205, 206, 209, 210, 211, 212, 213, 215, 217, 218, 219, 220, 221, 222, 223, 224, 225, 226, 227, 228, 229, 233, 239, 240, 244, 246, 248, 250, 253, 255, 257, 258, 264, 267, 268, 270, 272, 273, 274, 275, 276, 277, 278, 280, 281, 282, 283, 284, 287, 288, 289, 292, 293, 298, 302, 308, 310]
  Colonnes concernées: 25 éléments
    Indices: [0, 8, 11, 13, 32, 44, 49, 50, 51, 61, 62, 85, 92, 186, 230, 282, 292, 295, 300, 303, 324, 325, 329, 335, 337]
  Ratio: 139:172 (positif:négatif)

----------------------------------------

STEP 2:
  Groupe positif (reads1): 104 éléments
    Indices: [12, 13, 14, 15, 16, 17, 18, 31, 32, 33, 34, 35, 36, 37, 38, 39, 68, 69, 70, 71, 72, 73, 74, 75, 76, 77, 78, 79, 90, 91, 92, 93, 94, 95, 96, 104, 108, 116, 117, 126, 127, 128, 129, 130, 131, 132, 141, 142, 143, 147, 148, 150, 164, 170, 173, 174, 175, 178, 180, 181, 190, 191, 192, 196, 197, 198, 199, 208, 214, 216, 231, 232, 237, 238, 241, 242, 243, 249, 251, 254, 256, 259, 260, 262, 263, 265, 266, 269, 271, 285, 286, 290, 294, 295, 297, 299, 300, 301, 303, 304, 305, 306, 307, 309]
  Groupe négatif (reads0): 207 éléments
    Indices: [0, 1, 2, 3, 4, 5, 6, 7, 8, 9, 10, 11, 19, 20, 21, 22, 23, 24, 25, 26, 27, 28, 29, 30, 40, 41, 42, 43, 44, 45, 46, 47, 48, 49, 50, 51, 52, 53, 54, 55, 56, 57, 58, 59, 60, 61, 62, 63, 64, 65, 66, 67, 80, 81, 82, 83, 84, 85, 86, 87, 88, 89, 97, 98, 99, 100, 101, 102, 103, 105, 106, 107, 109, 110, 111, 112, 113, 114, 115, 118, 119, 120, 121, 122, 123, 124, 125, 133, 134, 135, 136, 137, 138, 139, 140, 144, 145, 146, 149, 151, 152, 153, 154, 155, 156, 157, 158, 159, 160, 161, 162, 163, 165, 166, 167, 168, 169, 171, 172, 176, 177, 179, 182, 183, 184, 185, 186, 187, 188, 189, 193, 194, 195, 200, 201, 202, 203, 204, 205, 206, 207, 209, 210, 211, 212, 213, 215, 217, 218, 219, 220, 221, 222, 223, 224, 225, 226, 227, 228, 229, 230, 233, 234, 235, 236, 239, 240, 244, 245, 246, 247, 248, 250, 252, 253, 255, 257, 258, 261, 264, 267, 268, 270, 272, 273, 274, 275, 276, 277, 278, 279, 280, 281, 282, 283, 284, 287, 288, 289, 291, 292, 293, 296, 298, 302, 308, 310]
  Colonnes concernées: 4 éléments
    Indices: [10, 18, 19, 158]
  Ratio: 104:207 (positif:négatif)

----------------------------------------

STEP 3:
  Groupe positif (reads1): 172 éléments
    Indices: [0, 1, 2, 3, 4, 5, 6, 7, 8, 9, 19, 20, 21, 22, 23, 24, 25, 26, 27, 28, 29, 30, 40, 41, 42, 43, 44, 45, 46, 47, 48, 49, 50, 51, 52, 53, 54, 55, 56, 57, 58, 59, 60, 61, 80, 81, 82, 83, 84, 85, 86, 87, 88, 89, 97, 98, 99, 100, 101, 102, 103, 105, 106, 107, 109, 110, 111, 112, 113, 114, 118, 119, 120, 121, 122, 133, 134, 135, 136, 137, 138, 139, 144, 145, 149, 151, 152, 153, 154, 159, 160, 161, 165, 166, 167, 169, 171, 176, 177, 179, 182, 183, 184, 185, 186, 187, 188, 193, 194, 195, 200, 201, 202, 203, 204, 205, 206, 209, 210, 211, 212, 213, 215, 217, 218, 219, 220, 221, 222, 223, 224, 225, 226, 227, 228, 229, 233, 239, 240, 244, 246, 248, 250, 253, 255, 257, 258, 264, 267, 268, 270, 272, 273, 274, 275, 276, 277, 278, 280, 281, 282, 283, 284, 287, 288, 289, 292, 293, 298, 302, 308, 310]
  Groupe négatif (reads0): 139 éléments
    Indices: [10, 11, 12, 13, 14, 15, 16, 17, 18, 31, 32, 33, 34, 35, 36, 37, 38, 39, 62, 63, 64, 65, 66, 67, 68, 69, 70, 71, 72, 73, 74, 75, 76, 77, 78, 79, 90, 91, 92, 93, 94, 95, 96, 104, 108, 115, 116, 117, 123, 124, 125, 126, 127, 128, 129, 130, 131, 132, 140, 141, 142, 143, 146, 147, 148, 150, 155, 156, 157, 158, 162, 163, 164, 168, 170, 172, 173, 174, 175, 178, 180, 181, 189, 190, 191, 192, 196, 197, 198, 199, 207, 208, 214, 216, 230, 231, 232, 234, 235, 236, 237, 238, 241, 242, 243, 245, 247, 249, 251, 252, 254, 256, 259, 260, 261, 262, 263, 265, 266, 269, 271, 279, 285, 286, 290, 291, 294, 295, 296, 297, 299, 300, 301, 303, 304, 305, 306, 307, 309]
  Colonnes concernées: 10 éléments
    Indices: [12, 46, 96, 201, 231, 294, 319, 320, 349, 351]
  Ratio: 172:139 (positif:négatif)

----------------------------------------

STEP 4:
  Groupe positif (reads1): 257 éléments
    Indices: [0, 1, 2, 3, 4, 5, 6, 7, 8, 9, 10, 11, 19, 20, 21, 22, 23, 24, 25, 26, 27, 28, 29, 30, 31, 32, 33, 34, 35, 36, 37, 38, 39, 40, 41, 42, 43, 44, 45, 46, 47, 48, 49, 50, 51, 52, 53, 54, 55, 56, 57, 58, 59, 60, 61, 62, 63, 64, 65, 66, 67, 80, 81, 82, 83, 84, 85, 86, 87, 88, 89, 90, 91, 92, 93, 94, 95, 96, 97, 98, 99, 100, 101, 102, 103, 105, 106, 107, 108, 109, 110, 111, 112, 113, 114, 115, 116, 117, 118, 119, 120, 121, 122, 123, 124, 125, 128, 129, 130, 131, 132, 133, 134, 135, 136, 137, 138, 139, 140, 144, 145, 146, 149, 150, 151, 152, 153, 154, 155, 156, 157, 158, 159, 160, 161, 162, 163, 165, 166, 167, 168, 169, 170, 171, 172, 175, 176, 177, 179, 180, 181, 182, 183, 184, 185, 186, 187, 188, 189, 193, 194, 195, 196, 197, 198, 199, 200, 201, 202, 203, 204, 205, 206, 207, 209, 210, 211, 212, 213, 214, 215, 216, 217, 218, 219, 220, 221, 222, 223, 224, 225, 226, 227, 228, 229, 230, 233, 234, 235, 236, 239, 240, 241, 242, 243, 244, 245, 246, 247, 248, 250, 252, 253, 254, 255, 257, 258, 261, 263, 264, 265, 266, 267, 268, 270, 272, 273, 274, 275, 276, 277, 278, 279, 280, 281, 282, 283, 284, 285, 286, 287, 288, 289, 290, 291, 292, 293, 294, 296, 297, 298, 300, 301, 302, 306, 308, 310]
  Groupe négatif (reads0): 54 éléments
    Indices: [12, 13, 14, 15, 16, 17, 18, 68, 69, 70, 71, 72, 73, 74, 75, 76, 77, 78, 79, 104, 126, 127, 141, 142, 143, 147, 148, 164, 173, 174, 178, 190, 191, 192, 208, 231, 232, 237, 238, 249, 251, 256, 259, 260, 262, 269, 271, 295, 299, 303, 304, 305, 307, 309]
  Colonnes concernées: 23 éléments
    Indices: [1, 87, 98, 99, 103, 107, 110, 113, 115, 116, 118, 123, 139, 149, 161, 172, 190, 205, 211, 213, 266, 316, 339]
  Ratio: 257:54 (positif:négatif)

----------------------------------------

STEP 5:
  Groupe positif (reads1): 223 éléments
    Indices: [0, 1, 2, 3, 4, 5, 6, 7, 8, 9, 19, 20, 21, 22, 23, 24, 25, 26, 27, 28, 29, 30, 31, 32, 33, 34, 35, 36, 37, 38, 39, 40, 41, 42, 43, 44, 45, 46, 47, 48, 49, 50, 51, 52, 53, 54, 55, 56, 57, 58, 59, 60, 61, 80, 81, 82, 83, 84, 85, 86, 87, 88, 89, 90, 91, 92, 93, 94, 95, 96, 97, 98, 99, 100, 101, 102, 103, 105, 106, 107, 108, 109, 110, 111, 112, 113, 114, 116, 117, 118, 119, 120, 121, 122, 128, 129, 130, 131, 132, 133, 134, 135, 136, 137, 138, 139, 144, 145, 149, 150, 151, 152, 153, 154, 159, 160, 161, 162, 165, 166, 167, 169, 170, 171, 175, 176, 177, 179, 180, 181, 182, 183, 184, 185, 186, 187, 188, 193, 194, 195, 196, 197, 198, 199, 200, 201, 202, 203, 204, 205, 206, 209, 210, 211, 212, 213, 214, 215, 216, 217, 218, 219, 220, 221, 222, 223, 224, 225, 226, 227, 228, 229, 233, 239, 240, 241, 242, 243, 244, 246, 248, 250, 253, 254, 255, 257, 258, 263, 264, 265, 266, 267, 268, 270, 272, 273, 274, 275, 276, 277, 278, 280, 281, 282, 283, 284, 285, 286, 287, 288, 289, 290, 292, 293, 294, 297, 298, 300, 301, 302, 306, 308, 310]
  Groupe négatif (reads0): 88 éléments
    Indices: [10, 11, 12, 13, 14, 15, 16, 17, 18, 62, 63, 64, 65, 66, 67, 68, 69, 70, 71, 72, 73, 74, 75, 76, 77, 78, 79, 104, 115, 123, 124, 125, 126, 127, 140, 141, 142, 143, 146, 147, 148, 155, 156, 157, 158, 163, 164, 168, 172, 173, 174, 178, 189, 190, 191, 192, 207, 208, 230, 231, 232, 234, 235, 236, 237, 238, 245, 247, 249, 251, 252, 256, 259, 260, 261, 262, 269, 271, 279, 291, 295, 296, 299, 303, 304, 305, 307, 309]
  Colonnes concernées: 8 éléments
    Indices: [79, 135, 137, 273, 277, 321, 357, 365]
  Ratio: 223:88 (positif:négatif)

----------------------------------------

STEP 6:
  Groupe positif (reads1): 253 éléments
    Indices: [0, 1, 2, 3, 4, 5, 6, 7, 8, 9, 10, 11, 19, 20, 21, 22, 23, 24, 25, 26, 27, 28, 29, 30, 31, 32, 33, 34, 35, 36, 37, 38, 39, 40, 41, 42, 43, 44, 45, 46, 47, 48, 49, 51, 52, 53, 54, 55, 56, 57, 58, 59, 60, 61, 62, 63, 64, 65, 66, 67, 80, 81, 82, 83, 84, 85, 86, 87, 88, 89, 90, 91, 92, 93, 94, 95, 96, 97, 98, 99, 100, 101, 102, 103, 105, 106, 107, 109, 110, 111, 112, 113, 114, 115, 116, 117, 118, 119, 120, 121, 122, 123, 124, 125, 128, 129, 130, 131, 132, 133, 134, 135, 136, 137, 138, 139, 140, 144, 145, 146, 149, 150, 151, 152, 153, 154, 155, 156, 158, 159, 160, 161, 162, 163, 165, 166, 167, 168, 169, 170, 171, 172, 175, 176, 177, 178, 179, 180, 181, 182, 183, 184, 185, 186, 187, 188, 189, 193, 194, 195, 196, 197, 198, 199, 200, 201, 202, 204, 205, 206, 207, 209, 210, 211, 212, 213, 214, 215, 216, 217, 218, 219, 220, 221, 222, 223, 224, 225, 226, 227, 228, 229, 230, 233, 234, 235, 236, 239, 240, 241, 242, 243, 244, 245, 246, 247, 248, 250, 252, 253, 254, 255, 257, 258, 261, 263, 264, 265, 266, 267, 268, 270, 272, 273, 274, 275, 276, 277, 279, 280, 281, 282, 283, 284, 285, 286, 287, 288, 289, 290, 291, 292, 293, 294, 296, 297, 298, 300, 301, 302, 306, 308, 310]
  Groupe négatif (reads0): 58 éléments
    Indices: [12, 13, 14, 15, 16, 17, 18, 50, 68, 69, 70, 71, 72, 73, 74, 75, 76, 77, 78, 79, 104, 108, 126, 127, 141, 142, 143, 147, 148, 157, 164, 173, 174, 190, 191, 192, 203, 208, 231, 232, 237, 238, 249, 251, 256, 259, 260, 262, 269, 271, 278, 295, 299, 303, 304, 305, 307, 309]
  Colonnes concernées: 3 éléments
    Indices: [112, 151, 182]
  Ratio: 253:58 (positif:négatif)

----------------------------------------

STEP 7:
  Groupe positif (reads1): 211 éléments
    Indices: [0, 1, 2, 3, 4, 5, 6, 7, 8, 9, 10, 11, 19, 20, 21, 22, 23, 24, 25, 26, 27, 28, 29, 30, 31, 32, 33, 34, 35, 37, 38, 39, 46, 47, 48, 49, 50, 51, 52, 53, 54, 55, 56, 57, 58, 59, 60, 61, 62, 63, 64, 65, 66, 67, 80, 81, 82, 83, 84, 85, 86, 87, 88, 89, 90, 91, 92, 93, 94, 95, 96, 105, 106, 107, 108, 109, 110, 111, 112, 113, 115, 116, 117, 120, 121, 122, 124, 125, 128, 129, 130, 131, 132, 135, 136, 137, 138, 139, 140, 146, 149, 150, 151, 152, 153, 155, 156, 157, 158, 161, 162, 163, 165, 166, 167, 168, 169, 170, 171, 172, 175, 176, 177, 179, 180, 181, 183, 184, 185, 186, 187, 188, 189, 193, 194, 195, 196, 197, 198, 199, 205, 206, 207, 209, 210, 211, 212, 213, 214, 215, 216, 217, 218, 220, 222, 223, 224, 225, 226, 227, 228, 229, 230, 233, 234, 235, 236, 240, 241, 242, 243, 245, 246, 247, 250, 252, 254, 255, 257, 258, 261, 263, 264, 265, 266, 267, 273, 277, 278, 279, 280, 282, 283, 284, 285, 286, 287, 288, 289, 290, 291, 293, 294, 296, 297, 298, 300, 301, 302, 306, 310]
  Groupe négatif (reads0): 100 éléments
    Indices: [12, 13, 14, 15, 16, 17, 18, 36, 40, 41, 42, 43, 44, 45, 68, 69, 70, 71, 72, 73, 74, 75, 76, 77, 78, 79, 97, 98, 99, 100, 101, 102, 103, 104, 114, 118, 119, 123, 126, 127, 133, 134, 141, 142, 143, 144, 145, 147, 148, 154, 159, 160, 164, 173, 174, 178, 182, 190, 191, 192, 200, 201, 202, 203, 204, 208, 219, 221, 231, 232, 237, 238, 239, 244, 248, 249, 251, 253, 256, 259, 260, 262, 268, 269, 270, 271, 272, 274, 275, 276, 281, 292, 295, 299, 303, 304, 305, 307, 308, 309]
  Colonnes concernées: 3 éléments
    Indices: [140, 152, 197]
  Ratio: 211:100 (positif:négatif)

----------------------------------------

STEP 8:
  Groupe positif (reads1): 277 éléments
    Indices: [0, 1, 2, 3, 4, 5, 6, 7, 8, 9, 12, 13, 14, 15, 16, 17, 18, 19, 20, 21, 22, 23, 24, 25, 26, 27, 28, 29, 30, 31, 32, 33, 34, 35, 36, 37, 38, 39, 40, 41, 42, 43, 44, 45, 46, 47, 48, 49, 50, 51, 52, 53, 54, 55, 56, 57, 58, 59, 60, 61, 68, 69, 70, 71, 72, 73, 74, 75, 76, 77, 78, 79, 80, 81, 82, 83, 84, 85, 86, 87, 88, 89, 90, 91, 92, 93, 94, 95, 96, 97, 98, 99, 100, 101, 102, 103, 104, 105, 106, 107, 108, 109, 110, 111, 112, 113, 114, 116, 117, 118, 119, 120, 121, 122, 126, 127, 128, 129, 130, 131, 132, 133, 134, 135, 136, 137, 138, 139, 141, 142, 143, 144, 145, 147, 148, 149, 150, 151, 152, 153, 154, 159, 160, 161, 162, 164, 165, 166, 167, 169, 170, 171, 173, 174, 175, 176, 177, 178, 179, 180, 181, 182, 183, 184, 185, 186, 187, 188, 190, 191, 192, 193, 194, 195, 196, 197, 198, 199, 200, 201, 202, 203, 204, 205, 206, 208, 209, 210, 211, 212, 213, 214, 215, 216, 217, 218, 219, 220, 221, 222, 223, 224, 225, 226, 227, 228, 229, 231, 232, 233, 237, 238, 239, 240, 241, 242, 243, 244, 246, 248, 249, 250, 251, 253, 254, 255, 256, 257, 258, 259, 260, 262, 263, 264, 265, 266, 267, 268, 269, 270, 271, 272, 273, 274, 275, 276, 277, 278, 280, 281, 282, 283, 284, 285, 286, 287, 288, 289, 290, 292, 293, 294, 295, 297, 298, 299, 300, 301, 302, 303, 304, 305, 306, 307, 308, 309, 310]
  Groupe négatif (reads0): 34 éléments
    Indices: [10, 11, 62, 63, 64, 65, 66, 67, 115, 123, 124, 125, 140, 146, 155, 156, 157, 158, 163, 168, 172, 189, 207, 230, 234, 235, 236, 245, 247, 252, 261, 279, 291, 296]
  Colonnes concernées: 8 éléments
    Indices: [6, 22, 117, 127, 132, 352, 354, 370]
  Ratio: 277:34 (positif:négatif)

----------------------------------------

STEP 9:
  Groupe positif (reads1): 270 éléments
    Indices: [0, 1, 2, 3, 4, 5, 6, 7, 8, 9, 10, 11, 12, 13, 14, 15, 16, 17, 18, 19, 20, 21, 22, 23, 24, 25, 26, 27, 28, 29, 30, 31, 32, 33, 34, 35, 36, 37, 38, 39, 46, 47, 48, 49, 50, 51, 52, 53, 54, 55, 56, 57, 58, 59, 60, 61, 62, 63, 64, 65, 66, 67, 68, 69, 70, 71, 72, 73, 74, 75, 76, 77, 78, 79, 80, 81, 82, 83, 84, 85, 86, 87, 88, 89, 90, 91, 92, 93, 94, 95, 96, 100, 104, 105, 106, 107, 108, 109, 110, 111, 112, 113, 114, 115, 116, 117, 120, 121, 122, 123, 124, 125, 126, 127, 128, 129, 130, 131, 132, 135, 136, 137, 138, 139, 140, 141, 142, 143, 146, 147, 148, 149, 150, 151, 152, 153, 154, 155, 156, 157, 158, 161, 162, 163, 164, 165, 166, 167, 168, 169, 170, 171, 172, 173, 174, 175, 176, 177, 178, 179, 180, 181, 183, 184, 185, 186, 187, 188, 189, 190, 191, 192, 193, 194, 195, 196, 197, 198, 199, 205, 206, 207, 208, 209, 210, 211, 212, 213, 214, 215, 216, 217, 218, 220, 222, 223, 224, 225, 226, 227, 228, 229, 230, 231, 232, 233, 234, 235, 236, 237, 238, 240, 241, 242, 243, 245, 246, 247, 249, 250, 251, 252, 254, 255, 256, 257, 258, 259, 260, 261, 262, 263, 264, 265, 266, 267, 269, 271, 273, 277, 278, 279, 280, 282, 283, 284, 285, 286, 287, 288, 289, 290, 291, 293, 294, 295, 296, 297, 298, 299, 300, 301, 302, 303, 304, 305, 306, 307, 309, 310]
  Groupe négatif (reads0): 41 éléments
    Indices: [40, 41, 42, 43, 44, 45, 97, 98, 99, 101, 102, 103, 118, 119, 133, 134, 144, 145, 159, 160, 182, 200, 201, 202, 203, 204, 219, 221, 239, 244, 248, 253, 268, 270, 272, 274, 275, 276, 281, 292, 308]
  Colonnes concernées: 3 éléments
    Indices: [31, 219, 265]
  Ratio: 270:41 (positif:négatif)

----------------------------------------

STEP 10:
  Groupe positif (reads1): 2 éléments
    Indices: [116, 273]
  Groupe négatif (reads0): 309 éléments
    Indices: [0, 1, 2, 3, 4, 5, 6, 7, 8, 9, 10, 11, 12, 13, 14, 15, 16, 17, 18, 19, 20, 21, 22, 23, 24, 25, 26, 27, 28, 29, 30, 31, 32, 33, 34, 35, 36, 37, 38, 39, 40, 41, 42, 43, 44, 45, 46, 47, 48, 49, 50, 51, 52, 53, 54, 55, 56, 57, 58, 59, 60, 61, 62, 63, 64, 65, 66, 67, 68, 69, 70, 71, 72, 73, 74, 75, 76, 77, 78, 79, 80, 81, 82, 83, 84, 85, 86, 87, 88, 89, 90, 91, 92, 93, 94, 95, 96, 97, 98, 99, 100, 101, 102, 103, 104, 105, 106, 107, 108, 109, 110, 111, 112, 113, 114, 115, 117, 118, 119, 120, 121, 122, 123, 124, 125, 126, 127, 128, 129, 130, 131, 132, 133, 134, 135, 136, 137, 138, 139, 140, 141, 142, 143, 144, 145, 146, 147, 148, 149, 150, 151, 152, 153, 154, 155, 156, 157, 158, 159, 160, 161, 162, 163, 164, 165, 166, 167, 168, 169, 170, 171, 172, 173, 174, 175, 176, 177, 178, 179, 180, 181, 182, 183, 184, 185, 186, 187, 188, 189, 190, 191, 192, 193, 194, 195, 196, 197, 198, 199, 200, 201, 202, 203, 204, 205, 206, 207, 208, 209, 210, 211, 212, 213, 214, 215, 216, 217, 218, 219, 220, 221, 222, 223, 224, 225, 226, 227, 228, 229, 230, 231, 232, 233, 234, 235, 236, 237, 238, 239, 240, 241, 242, 243, 244, 245, 246, 247, 248, 249, 250, 251, 252, 253, 254, 255, 256, 257, 258, 259, 260, 261, 262, 263, 264, 265, 266, 267, 268, 269, 270, 271, 272, 274, 275, 276, 277, 278, 279, 280, 281, 282, 283, 284, 285, 286, 287, 288, 289, 290, 291, 292, 293, 294, 295, 296, 297, 298, 299, 300, 301, 302, 303, 304, 305, 306, 307, 308, 309, 310]
  Colonnes concernées: 34 éléments
    Indices: [34, 42, 56, 68, 71, 80, 93, 94, 97, 100, 101, 102, 105, 106, 120, 121, 122, 126, 128, 134, 147, 148, 157, 159, 163, 204, 208, 218, 236, 238, 242, 243, 264, 270]
  Ratio: 2:309 (positif:négatif)

----------------------------------------

STEP 11:
  Groupe positif (reads1): 43 éléments
    Indices: [19, 20, 21, 22, 23, 24, 25, 26, 27, 28, 29, 30, 80, 81, 82, 83, 84, 85, 86, 87, 88, 89, 106, 107, 161, 169, 179, 193, 194, 195, 209, 212, 215, 218, 223, 224, 225, 255, 267, 282, 284, 287, 293]
  Groupe négatif (reads0): 268 éléments
    Indices: [0, 1, 2, 3, 4, 5, 6, 7, 8, 9, 10, 11, 12, 13, 14, 15, 16, 17, 18, 31, 32, 33, 34, 35, 36, 37, 38, 39, 40, 41, 42, 43, 44, 45, 46, 47, 48, 49, 50, 51, 52, 53, 54, 55, 56, 57, 58, 59, 60, 61, 62, 63, 64, 65, 66, 67, 68, 69, 70, 71, 72, 73, 74, 75, 76, 77, 78, 79, 90, 91, 92, 93, 94, 95, 96, 97, 98, 99, 100, 101, 102, 103, 104, 105, 108, 109, 110, 111, 112, 113, 114, 115, 116, 117, 118, 119, 120, 121, 122, 123, 124, 125, 126, 127, 128, 129, 130, 131, 132, 133, 134, 135, 136, 137, 138, 139, 140, 141, 142, 143, 144, 145, 146, 147, 148, 149, 150, 151, 152, 153, 154, 155, 156, 157, 158, 159, 160, 162, 163, 164, 165, 166, 167, 168, 170, 171, 172, 173, 174, 175, 176, 177, 178, 180, 181, 182, 183, 184, 185, 186, 187, 188, 189, 190, 191, 192, 196, 197, 198, 199, 200, 201, 202, 203, 204, 205, 206, 207, 208, 210, 211, 213, 214, 216, 217, 219, 220, 221, 222, 226, 227, 228, 229, 230, 231, 232, 233, 234, 235, 236, 237, 238, 239, 240, 241, 242, 243, 244, 245, 246, 247, 248, 249, 250, 251, 252, 253, 254, 256, 257, 258, 259, 260, 261, 262, 263, 264, 265, 266, 268, 269, 270, 271, 272, 273, 274, 275, 276, 277, 278, 279, 280, 281, 283, 285, 286, 288, 289, 290, 291, 292, 294, 295, 296, 297, 298, 299, 300, 301, 302, 303, 304, 305, 306, 307, 308, 309, 310]
  Colonnes concernées: 5 éléments
    Indices: [35, 37, 38, 39, 263]
  Ratio: 43:268 (positif:négatif)

----------------------------------------

STEP 12:
  Groupe positif (reads1): 269 éléments
    Indices: [0, 1, 2, 3, 4, 5, 6, 7, 8, 9, 10, 11, 12, 13, 14, 15, 16, 17, 18, 19, 20, 21, 22, 23, 24, 25, 26, 27, 28, 29, 30, 31, 32, 33, 34, 35, 36, 37, 38, 39, 46, 47, 48, 49, 50, 51, 52, 53, 54, 55, 56, 57, 58, 59, 60, 61, 62, 63, 64, 65, 66, 67, 68, 69, 70, 71, 72, 73, 74, 75, 76, 77, 78, 79, 80, 81, 82, 83, 84, 85, 86, 87, 88, 89, 90, 91, 92, 93, 94, 95, 96, 104, 105, 106, 107, 108, 109, 110, 111, 112, 113, 114, 115, 116, 117, 120, 121, 122, 123, 124, 125, 126, 127, 128, 129, 130, 131, 132, 135, 136, 137, 138, 139, 140, 141, 142, 143, 146, 147, 148, 149, 150, 151, 152, 153, 154, 155, 156, 157, 158, 161, 162, 163, 164, 165, 166, 167, 168, 169, 170, 171, 172, 173, 174, 175, 176, 177, 178, 179, 180, 181, 183, 184, 185, 186, 187, 188, 189, 190, 191, 192, 193, 194, 195, 196, 197, 198, 199, 205, 206, 207, 208, 209, 210, 211, 212, 213, 214, 215, 216, 217, 218, 220, 222, 223, 224, 225, 226, 227, 228, 229, 230, 231, 232, 233, 234, 235, 236, 237, 238, 240, 241, 242, 243, 245, 246, 247, 249, 250, 251, 252, 254, 255, 256, 257, 258, 259, 260, 261, 262, 263, 264, 265, 266, 267, 269, 271, 273, 277, 278, 279, 280, 282, 283, 284, 285, 286, 287, 288, 289, 290, 291, 293, 294, 295, 296, 297, 298, 299, 300, 301, 302, 303, 304, 305, 306, 307, 309, 310]
  Groupe négatif (reads0): 42 éléments
    Indices: [40, 41, 42, 43, 44, 45, 97, 98, 99, 100, 101, 102, 103, 118, 119, 133, 134, 144, 145, 159, 160, 182, 200, 201, 202, 203, 204, 219, 221, 239, 244, 248, 253, 268, 270, 272, 274, 275, 276, 281, 292, 308]
  Colonnes concernées: 20 éléments
    Indices: [178, 180, 183, 187, 196, 240, 245, 246, 251, 252, 254, 256, 259, 260, 308, 317, 330, 343, 355, 360]
  Ratio: 269:42 (positif:négatif)

----------------------------------------

STEP 13:
  Groupe positif (reads1): 228 éléments
    Indices: [3, 4, 5, 6, 7, 8, 9, 10, 11, 12, 13, 14, 15, 16, 17, 18, 31, 32, 33, 34, 35, 36, 37, 38, 39, 40, 41, 42, 43, 44, 45, 54, 55, 56, 57, 58, 59, 60, 61, 62, 63, 64, 65, 66, 67, 68, 69, 70, 71, 72, 73, 74, 75, 76, 77, 78, 79, 90, 91, 92, 93, 94, 95, 96, 97, 98, 99, 100, 101, 102, 103, 104, 108, 112, 113, 114, 115, 116, 117, 118, 119, 122, 123, 124, 125, 126, 127, 128, 129, 130, 131, 132, 133, 134, 136, 137, 138, 139, 140, 141, 142, 143, 144, 145, 146, 147, 148, 150, 153, 154, 155, 156, 157, 158, 159, 160, 162, 163, 164, 167, 168, 170, 171, 172, 173, 174, 175, 177, 178, 180, 181, 182, 187, 188, 189, 190, 191, 192, 196, 197, 198, 199, 200, 201, 202, 203, 204, 206, 207, 208, 213, 214, 216, 219, 220, 221, 226, 228, 230, 231, 232, 233, 234, 235, 236, 237, 238, 239, 241, 242, 243, 244, 245, 246, 247, 248, 249, 251, 252, 253, 254, 256, 257, 258, 259, 260, 261, 262, 263, 264, 265, 266, 268, 269, 270, 271, 272, 273, 274, 275, 276, 277, 279, 280, 281, 283, 285, 286, 289, 290, 291, 292, 294, 295, 296, 297, 299, 300, 301, 302, 303, 304, 305, 306, 307, 308, 309, 310]
  Groupe négatif (reads0): 83 éléments
    Indices: [0, 1, 2, 19, 20, 21, 22, 23, 24, 25, 26, 27, 28, 29, 30, 46, 47, 48, 49, 50, 51, 52, 53, 80, 81, 82, 83, 84, 85, 86, 87, 88, 89, 105, 106, 107, 109, 110, 111, 120, 121, 135, 149, 151, 152, 161, 165, 166, 169, 176, 179, 183, 184, 185, 186, 193, 194, 195, 205, 209, 210, 211, 212, 215, 217, 218, 222, 223, 224, 225, 227, 229, 240, 250, 255, 267, 278, 282, 284, 287, 288, 293, 298]
  Colonnes concernées: 9 éléments
    Indices: [60, 65, 91, 143, 185, 207, 214, 304, 307]
  Ratio: 228:83 (positif:négatif)

----------------------------------------

STEP 14:
  Groupe positif (reads1): 260 éléments
    Indices: [0, 1, 2, 3, 4, 5, 6, 7, 8, 9, 10, 11, 12, 13, 14, 15, 16, 17, 18, 19, 20, 21, 22, 23, 24, 25, 26, 27, 28, 29, 30, 40, 41, 42, 43, 44, 45, 46, 47, 48, 49, 50, 51, 52, 53, 54, 55, 56, 57, 58, 59, 60, 61, 62, 63, 64, 65, 66, 67, 68, 69, 70, 71, 72, 73, 74, 75, 76, 77, 78, 79, 80, 81, 82, 83, 84, 85, 86, 87, 88, 89, 97, 98, 99, 100, 101, 102, 103, 104, 105, 106, 107, 109, 110, 111, 112, 113, 114, 115, 118, 119, 120, 121, 122, 123, 124, 125, 126, 127, 133, 134, 135, 136, 137, 138, 139, 140, 141, 142, 143, 144, 145, 146, 147, 148, 149, 151, 152, 153, 154, 155, 156, 157, 158, 159, 160, 161, 163, 164, 165, 166, 167, 168, 169, 171, 172, 173, 174, 176, 177, 178, 179, 182, 183, 184, 185, 186, 187, 188, 189, 190, 191, 192, 193, 194, 195, 200, 201, 202, 203, 204, 205, 206, 207, 208, 209, 210, 211, 212, 213, 215, 217, 218, 219, 220, 221, 222, 223, 224, 225, 226, 227, 228, 229, 230, 231, 232, 233, 234, 235, 236, 237, 238, 239, 240, 244, 245, 246, 247, 248, 249, 250, 251, 252, 253, 255, 256, 257, 258, 259, 260, 261, 262, 264, 267, 268, 269, 270, 271, 272, 273, 274, 275, 276, 277, 278, 279, 280, 281, 282, 283, 284, 287, 288, 289, 291, 292, 293, 295, 296, 298, 299, 302, 303, 304, 305, 307, 308, 309, 310]
  Groupe négatif (reads0): 51 éléments
    Indices: [31, 32, 33, 34, 35, 36, 37, 38, 39, 90, 91, 92, 93, 94, 95, 96, 108, 116, 117, 128, 129, 130, 131, 132, 150, 162, 170, 175, 180, 181, 196, 197, 198, 199, 214, 216, 241, 242, 243, 254, 263, 265, 266, 285, 286, 290, 294, 297, 300, 301, 306]
  Colonnes concernées: 7 éléments
    Indices: [74, 129, 154, 272, 297, 309, 356]
  Ratio: 260:51 (positif:négatif)

----------------------------------------

STEP 15:
  Groupe positif (reads1): 139 éléments
    Indices: [10, 11, 12, 13, 14, 15, 16, 17, 18, 31, 32, 33, 34, 35, 36, 37, 38, 39, 62, 63, 64, 65, 66, 67, 68, 69, 70, 71, 72, 73, 74, 75, 76, 77, 78, 79, 90, 91, 92, 93, 94, 95, 96, 104, 108, 115, 116, 117, 123, 124, 125, 126, 127, 128, 129, 130, 131, 132, 140, 141, 142, 143, 146, 147, 148, 150, 155, 156, 157, 158, 162, 163, 164, 168, 170, 172, 173, 174, 175, 178, 180, 181, 189, 190, 191, 192, 196, 197, 198, 199, 207, 208, 214, 216, 230, 231, 232, 234, 235, 236, 237, 238, 241, 242, 243, 245, 247, 249, 251, 252, 254, 256, 259, 260, 261, 262, 263, 265, 266, 269, 271, 279, 285, 286, 290, 291, 294, 295, 296, 297, 299, 300, 301, 303, 304, 305, 306, 307, 309]
  Groupe négatif (reads0): 172 éléments
    Indices: [0, 1, 2, 3, 4, 5, 6, 7, 8, 9, 19, 20, 21, 22, 23, 24, 25, 26, 27, 28, 29, 30, 40, 41, 42, 43, 44, 45, 46, 47, 48, 49, 50, 51, 52, 53, 54, 55, 56, 57, 58, 59, 60, 61, 80, 81, 82, 83, 84, 85, 86, 87, 88, 89, 97, 98, 99, 100, 101, 102, 103, 105, 106, 107, 109, 110, 111, 112, 113, 114, 118, 119, 120, 121, 122, 133, 134, 135, 136, 137, 138, 139, 144, 145, 149, 151, 152, 153, 154, 159, 160, 161, 165, 166, 167, 169, 171, 176, 177, 179, 182, 183, 184, 185, 186, 187, 188, 193, 194, 195, 200, 201, 202, 203, 204, 205, 206, 209, 210, 211, 212, 213, 215, 217, 218, 219, 220, 221, 222, 223, 224, 225, 226, 227, 228, 229, 233, 239, 240, 244, 246, 248, 250, 253, 255, 257, 258, 264, 267, 268, 270, 272, 273, 274, 275, 276, 277, 278, 280, 281, 282, 283, 284, 287, 288, 289, 292, 293, 298, 302, 308, 310]
  Colonnes concernées: 4 éléments
    Indices: [173, 203, 336, 341]
  Ratio: 139:172 (positif:négatif)

----------------------------------------

STEP 16:
  Groupe positif (reads1): 263 éléments
    Indices: [0, 1, 2, 10, 11, 12, 13, 14, 15, 16, 17, 18, 19, 20, 21, 22, 23, 24, 25, 26, 27, 28, 29, 30, 31, 32, 33, 34, 35, 36, 37, 38, 39, 40, 41, 42, 43, 44, 45, 46, 47, 48, 49, 50, 51, 52, 53, 62, 63, 64, 65, 66, 67, 68, 69, 70, 71, 72, 73, 74, 75, 76, 77, 78, 79, 80, 81, 82, 83, 84, 85, 86, 87, 88, 89, 90, 91, 92, 93, 94, 95, 96, 97, 98, 99, 100, 101, 102, 104, 105, 106, 107, 108, 109, 110, 111, 115, 116, 117, 118, 119, 120, 121, 123, 124, 125, 126, 127, 128, 129, 130, 131, 132, 133, 134, 135, 140, 141, 142, 143, 144, 145, 146, 147, 148, 149, 150, 151, 152, 155, 156, 157, 158, 159, 160, 161, 162, 163, 164, 165, 166, 168, 169, 170, 172, 173, 174, 175, 176, 178, 179, 180, 181, 182, 183, 184, 185, 186, 189, 190, 191, 192, 193, 194, 195, 196, 197, 198, 199, 200, 201, 202, 203, 204, 205, 207, 208, 209, 210, 211, 212, 214, 215, 216, 217, 218, 219, 221, 222, 223, 224, 225, 227, 229, 230, 231, 232, 234, 235, 236, 237, 238, 239, 240, 241, 242, 243, 244, 245, 247, 248, 249, 250, 251, 252, 253, 254, 255, 256, 259, 260, 261, 262, 263, 265, 266, 267, 268, 269, 270, 271, 272, 274, 275, 276, 278, 279, 281, 282, 284, 285, 286, 287, 288, 290, 291, 292, 293, 294, 295, 296, 297, 298, 299, 300, 301, 303, 304, 305, 306, 307, 308, 309]
  Groupe négatif (reads0): 44 éléments
    Indices: [3, 4, 5, 6, 7, 8, 9, 54, 55, 56, 57, 58, 59, 60, 61, 112, 113, 114, 122, 136, 137, 138, 139, 153, 154, 167, 171, 177, 187, 188, 206, 213, 228, 233, 246, 257, 258, 264, 273, 277, 283, 289, 302, 310]
  Colonnes concernées: 5 éléments
    Indices: [130, 142, 144, 224, 271]
  Ratio: 263:44 (positif:négatif)

----------------------------------------

STEP 17:
  Groupe positif (reads1): 224 éléments
    Indices: [0, 1, 2, 10, 11, 12, 13, 14, 15, 16, 17, 18, 19, 20, 21, 22, 23, 24, 25, 26, 27, 28, 29, 30, 31, 32, 33, 34, 35, 36, 37, 38, 39, 46, 47, 48, 49, 50, 51, 52, 53, 62, 63, 64, 65, 66, 67, 68, 69, 70, 71, 72, 73, 74, 75, 76, 77, 78, 79, 80, 81, 82, 83, 84, 85, 86, 87, 88, 89, 90, 91, 92, 93, 94, 95, 96, 104, 105, 106, 107, 108, 109, 110, 111, 115, 116, 117, 120, 121, 123, 124, 125, 126, 127, 128, 129, 130, 131, 132, 135, 140, 141, 142, 143, 146, 147, 148, 149, 150, 151, 152, 155, 156, 157, 158, 161, 162, 163, 164, 165, 166, 168, 169, 170, 172, 173, 174, 175, 176, 178, 179, 180, 181, 183, 184, 185, 186, 189, 190, 191, 192, 193, 194, 195, 196, 197, 198, 199, 205, 207, 208, 209, 210, 211, 212, 214, 215, 216, 217, 218, 219, 222, 223, 224, 225, 226, 227, 229, 230, 231, 232, 234, 235, 236, 237, 238, 240, 241, 242, 243, 245, 247, 249, 250, 251, 252, 254, 255, 256, 259, 260, 261, 262, 263, 265, 266, 267, 269, 271, 278, 279, 282, 284, 285, 286, 287, 288, 290, 291, 293, 294, 295, 296, 297, 298, 299, 300, 301, 303, 304, 305, 306, 307, 309]
  Groupe négatif (reads0): 83 éléments
    Indices: [3, 4, 5, 6, 7, 8, 9, 40, 41, 42, 43, 44, 45, 54, 55, 56, 57, 58, 59, 60, 61, 97, 99, 100, 101, 102, 103, 112, 113, 118, 119, 122, 133, 134, 136, 137, 138, 139, 145, 153, 154, 159, 160, 167, 171, 177, 182, 187, 188, 200, 201, 202, 203, 204, 206, 213, 220, 221, 228, 233, 239, 244, 246, 248, 253, 257, 258, 264, 268, 270, 272, 273, 274, 276, 277, 280, 281, 283, 289, 292, 302, 308, 310]
  Colonnes concernées: 3 éléments
    Indices: [63, 177, 209]
  Ratio: 224:83 (positif:négatif)

----------------------------------------

