=== CLUSTERING STEPS POUR matrix_edge_19_0_5000.csv ===
Nombre d'haplotypes: 4
Timestamp: 2025-06-06T15:36:50.286747
Nombre total de steps: 11

============================================================

STEP 1:
  Groupe positif (reads1): 119 éléments
    Indices: [0, 1, 2, 3, 4, 5, 6, 7, 8, 9, 10, 11, 12, 13, 14, 15, 16, 17, 18, 19, 20, 21, 22, 23, 24, 25, 26, 37, 38, 39, 40, 41, 42, 44, 45, 46, 47, 48, 49, 50, 51, 52, 53, 54, 55, 56, 57, 58, 59, 60, 61, 62, 69, 71, 72, 73, 75, 76, 77, 78, 79, 80, 81, 82, 83, 84, 85, 86, 90, 91, 92, 93, 94, 95, 96, 97, 98, 99, 100, 101, 102, 103, 104, 105, 106, 108, 110, 111, 112, 113, 114, 115, 116, 117, 118, 119, 120, 122, 125, 126, 127, 128, 129, 130, 131, 132, 134, 135, 136, 137, 138, 140, 141, 143, 144, 145, 146, 147, 149]
  Groupe négatif (reads0): 31 éléments
    Indices: [27, 28, 29, 30, 31, 32, 33, 34, 35, 36, 43, 63, 64, 65, 66, 67, 68, 70, 74, 87, 88, 89, 107, 109, 121, 123, 124, 133, 139, 142, 148]
  Colonnes concernées: 3 éléments
    Indices: [1, 143, 144]
  Ratio: 119:31 (positif:négatif)

----------------------------------------

STEP 2:
  Groupe positif (reads1): 119 éléments
    Indices: [0, 1, 2, 3, 4, 5, 6, 7, 8, 9, 10, 11, 12, 13, 14, 15, 16, 17, 18, 19, 20, 21, 22, 23, 24, 25, 26, 37, 38, 39, 40, 41, 42, 43, 44, 45, 46, 47, 48, 49, 50, 51, 52, 53, 54, 55, 56, 57, 58, 59, 60, 61, 62, 69, 71, 72, 73, 75, 76, 77, 78, 79, 80, 81, 82, 83, 84, 85, 86, 90, 92, 93, 94, 95, 96, 97, 98, 99, 100, 101, 102, 103, 104, 105, 106, 108, 110, 111, 112, 113, 114, 115, 116, 117, 118, 119, 120, 122, 125, 126, 127, 128, 129, 130, 131, 132, 134, 135, 136, 137, 138, 140, 141, 143, 144, 145, 146, 147, 149]
  Groupe négatif (reads0): 31 éléments
    Indices: [27, 28, 29, 30, 31, 32, 33, 34, 35, 36, 63, 64, 65, 66, 67, 68, 70, 74, 87, 88, 89, 91, 107, 109, 121, 123, 124, 133, 139, 142, 148]
  Colonnes concernées: 9 éléments
    Indices: [15, 17, 64, 105, 138, 146, 147, 191, 192]
  Ratio: 119:31 (positif:négatif)

----------------------------------------

STEP 3:
  Groupe positif (reads1): 35 éléments
    Indices: [20, 21, 22, 23, 24, 25, 26, 56, 57, 58, 59, 60, 61, 62, 73, 77, 81, 82, 83, 84, 86, 90, 100, 105, 106, 115, 120, 126, 130, 131, 134, 135, 138, 143, 145]
  Groupe négatif (reads0): 115 éléments
    Indices: [0, 1, 2, 3, 4, 5, 6, 7, 8, 9, 10, 11, 12, 13, 14, 15, 16, 17, 18, 19, 27, 28, 29, 30, 31, 32, 33, 34, 35, 36, 37, 38, 39, 40, 41, 42, 43, 44, 45, 46, 47, 48, 49, 50, 51, 52, 53, 54, 55, 63, 64, 65, 66, 67, 68, 69, 70, 71, 72, 74, 75, 76, 78, 79, 80, 85, 87, 88, 89, 91, 92, 93, 94, 95, 96, 97, 98, 99, 101, 102, 103, 104, 107, 108, 109, 110, 111, 112, 113, 114, 116, 117, 118, 119, 121, 122, 123, 124, 125, 127, 128, 129, 132, 133, 136, 137, 139, 140, 141, 142, 144, 146, 147, 148, 149]
  Colonnes concernées: 5 éléments
    Indices: [2, 47, 79, 97, 141]
  Ratio: 35:115 (positif:négatif)

----------------------------------------

STEP 4:
  Groupe positif (reads1): 84 éléments
    Indices: [0, 1, 2, 3, 4, 5, 6, 7, 8, 9, 10, 11, 12, 13, 14, 15, 16, 17, 18, 19, 37, 38, 39, 40, 41, 42, 43, 44, 45, 46, 47, 48, 49, 50, 51, 52, 53, 54, 55, 69, 71, 72, 75, 76, 78, 79, 80, 85, 92, 93, 94, 95, 96, 97, 98, 99, 101, 102, 103, 104, 108, 110, 111, 112, 113, 114, 116, 117, 118, 119, 122, 125, 127, 128, 129, 132, 136, 137, 140, 141, 144, 146, 147, 149]
  Groupe négatif (reads0): 66 éléments
    Indices: [20, 21, 22, 23, 24, 25, 26, 27, 28, 29, 30, 31, 32, 33, 34, 35, 36, 56, 57, 58, 59, 60, 61, 62, 63, 64, 65, 66, 67, 68, 70, 73, 74, 77, 81, 82, 83, 84, 86, 87, 88, 89, 90, 91, 100, 105, 106, 107, 109, 115, 120, 121, 123, 124, 126, 130, 131, 133, 134, 135, 138, 139, 142, 143, 145, 148]
  Colonnes concernées: 34 éléments
    Indices: [3, 7, 16, 18, 19, 21, 31, 32, 35, 45, 70, 73, 75, 77, 78, 84, 87, 94, 103, 106, 107, 109, 111, 113, 121, 134, 148, 152, 154, 156, 159, 163, 166, 196]
  Ratio: 84:66 (positif:négatif)

----------------------------------------

STEP 5:
  Groupe positif (reads1): 65 éléments
    Indices: [17, 20, 21, 22, 23, 24, 25, 26, 27, 28, 29, 30, 31, 32, 33, 34, 35, 36, 56, 57, 58, 59, 60, 61, 62, 63, 64, 65, 66, 67, 68, 70, 73, 74, 77, 81, 82, 83, 84, 86, 87, 88, 89, 90, 91, 100, 105, 106, 107, 115, 120, 123, 124, 126, 130, 131, 133, 134, 135, 138, 139, 142, 143, 145, 148]
  Groupe négatif (reads0): 85 éléments
    Indices: [0, 1, 2, 3, 4, 5, 6, 7, 8, 9, 10, 11, 12, 13, 14, 15, 16, 18, 19, 37, 38, 39, 40, 41, 42, 43, 44, 45, 46, 47, 48, 49, 50, 51, 52, 53, 54, 55, 69, 71, 72, 75, 76, 78, 79, 80, 85, 92, 93, 94, 95, 96, 97, 98, 99, 101, 102, 103, 104, 108, 109, 110, 111, 112, 113, 114, 116, 117, 118, 119, 121, 122, 125, 127, 128, 129, 132, 136, 137, 140, 141, 144, 146, 147, 149]
  Colonnes concernées: 3 éléments
    Indices: [5, 6, 49]
  Ratio: 65:85 (positif:négatif)

----------------------------------------

STEP 6:
  Groupe positif (reads1): 84 éléments
    Indices: [0, 1, 2, 3, 4, 5, 6, 7, 8, 9, 10, 11, 12, 13, 14, 15, 16, 17, 18, 19, 37, 38, 39, 40, 41, 42, 43, 44, 45, 46, 47, 48, 49, 50, 51, 52, 53, 54, 55, 69, 71, 72, 75, 76, 78, 79, 80, 85, 92, 93, 94, 95, 96, 97, 98, 99, 101, 102, 103, 104, 108, 110, 111, 112, 113, 114, 116, 117, 118, 119, 122, 125, 127, 129, 132, 135, 136, 137, 140, 141, 144, 146, 147, 149]
  Groupe négatif (reads0): 66 éléments
    Indices: [20, 21, 22, 23, 24, 25, 26, 27, 28, 29, 30, 31, 32, 33, 34, 35, 36, 56, 57, 58, 59, 60, 61, 62, 63, 64, 65, 66, 67, 68, 70, 73, 74, 77, 81, 82, 83, 84, 86, 87, 88, 89, 90, 91, 100, 105, 106, 107, 109, 115, 120, 121, 123, 124, 126, 128, 130, 131, 133, 134, 138, 139, 142, 143, 145, 148]
  Colonnes concernées: 3 éléments
    Indices: [12, 27, 169]
  Ratio: 84:66 (positif:négatif)

----------------------------------------

STEP 7:
  Groupe positif (reads1): 85 éléments
    Indices: [0, 1, 2, 3, 4, 5, 6, 7, 8, 9, 10, 11, 12, 13, 14, 15, 16, 17, 18, 19, 37, 38, 39, 40, 41, 42, 43, 44, 45, 46, 47, 48, 49, 50, 51, 52, 53, 54, 55, 56, 69, 71, 72, 75, 76, 78, 79, 80, 85, 92, 93, 94, 95, 96, 97, 98, 99, 101, 102, 103, 104, 108, 110, 111, 112, 113, 114, 116, 117, 118, 119, 122, 125, 127, 128, 129, 132, 136, 137, 140, 141, 144, 146, 147, 149]
  Groupe négatif (reads0): 65 éléments
    Indices: [20, 21, 22, 23, 24, 25, 26, 27, 28, 29, 30, 31, 32, 33, 34, 35, 36, 57, 58, 59, 60, 61, 62, 63, 64, 65, 66, 67, 68, 70, 73, 74, 77, 81, 82, 83, 84, 86, 87, 88, 89, 90, 91, 100, 105, 106, 107, 109, 115, 120, 121, 123, 124, 126, 130, 131, 133, 134, 135, 138, 139, 142, 143, 145, 148]
  Colonnes concernées: 3 éléments
    Indices: [33, 34, 149]
  Ratio: 85:65 (positif:négatif)

----------------------------------------

STEP 8:
  Groupe positif (reads1): 85 éléments
    Indices: [0, 1, 2, 3, 4, 5, 6, 7, 8, 9, 10, 11, 12, 13, 14, 15, 16, 17, 18, 19, 37, 38, 39, 40, 41, 42, 43, 44, 45, 46, 47, 48, 49, 50, 51, 52, 53, 54, 55, 69, 71, 72, 75, 76, 78, 79, 80, 85, 92, 93, 94, 95, 96, 97, 98, 99, 101, 102, 103, 104, 108, 110, 111, 112, 113, 114, 116, 117, 118, 119, 122, 125, 127, 128, 129, 132, 136, 137, 138, 140, 141, 144, 146, 147, 149]
  Groupe négatif (reads0): 65 éléments
    Indices: [20, 21, 22, 23, 24, 25, 26, 27, 28, 29, 30, 31, 32, 33, 34, 35, 36, 56, 57, 58, 59, 60, 61, 62, 63, 64, 65, 66, 67, 68, 70, 73, 74, 77, 81, 82, 83, 84, 86, 87, 88, 89, 90, 91, 100, 105, 106, 107, 109, 115, 120, 121, 123, 124, 126, 130, 131, 133, 134, 135, 139, 142, 143, 145, 148]
  Colonnes concernées: 4 éléments
    Indices: [76, 90, 128, 129]
  Ratio: 85:65 (positif:négatif)

----------------------------------------

STEP 9:
  Groupe positif (reads1): 81 éléments
    Indices: [0, 1, 2, 3, 4, 5, 6, 7, 8, 9, 10, 11, 13, 14, 15, 16, 17, 18, 19, 37, 38, 39, 40, 41, 42, 43, 45, 46, 47, 48, 49, 50, 51, 52, 53, 54, 55, 69, 71, 72, 75, 76, 78, 79, 80, 85, 92, 93, 94, 95, 96, 97, 98, 99, 101, 102, 103, 104, 108, 110, 112, 113, 114, 116, 117, 118, 119, 122, 125, 127, 128, 129, 132, 136, 137, 140, 141, 144, 146, 147, 149]
  Groupe négatif (reads0): 69 éléments
    Indices: [12, 20, 21, 22, 23, 24, 25, 26, 27, 28, 29, 30, 31, 32, 33, 34, 35, 36, 44, 56, 57, 58, 59, 60, 61, 62, 63, 64, 65, 66, 67, 68, 70, 73, 74, 77, 81, 82, 83, 84, 86, 87, 88, 89, 90, 91, 100, 105, 106, 107, 109, 111, 115, 120, 121, 123, 124, 126, 130, 131, 133, 134, 135, 138, 139, 142, 143, 145, 148]
  Colonnes concernées: 3 éléments
    Indices: [86, 119, 137]
  Ratio: 81:69 (positif:négatif)

----------------------------------------

STEP 10:
  Groupe positif (reads1): 66 éléments
    Indices: [20, 21, 22, 23, 24, 25, 26, 27, 28, 29, 30, 31, 32, 33, 34, 35, 36, 56, 57, 58, 59, 60, 61, 62, 63, 64, 65, 66, 67, 68, 70, 73, 74, 77, 81, 82, 83, 84, 86, 87, 88, 89, 90, 91, 100, 105, 106, 107, 109, 115, 120, 121, 123, 124, 126, 130, 131, 133, 134, 135, 138, 139, 142, 143, 145, 148]
  Groupe négatif (reads0): 84 éléments
    Indices: [0, 1, 2, 3, 4, 5, 6, 7, 8, 9, 10, 11, 12, 13, 14, 15, 16, 17, 18, 19, 37, 38, 39, 40, 41, 42, 43, 44, 45, 46, 47, 48, 49, 50, 51, 52, 53, 54, 55, 69, 71, 72, 75, 76, 78, 79, 80, 85, 92, 93, 94, 95, 96, 97, 98, 99, 101, 102, 103, 104, 108, 110, 111, 112, 113, 114, 116, 117, 118, 119, 122, 125, 127, 128, 129, 132, 136, 137, 140, 141, 144, 146, 147, 149]
  Colonnes concernées: 4 éléments
    Indices: [56, 96, 98, 184]
  Ratio: 66:84 (positif:négatif)

----------------------------------------

STEP 11:
  Groupe positif (reads1): 104 éléments
    Indices: [0, 2, 3, 4, 5, 6, 7, 8, 9, 20, 21, 22, 23, 24, 25, 26, 27, 28, 29, 30, 31, 32, 33, 34, 35, 36, 37, 38, 39, 40, 41, 42, 43, 45, 46, 47, 48, 56, 57, 58, 59, 60, 61, 62, 63, 64, 65, 66, 67, 68, 69, 70, 71, 73, 74, 75, 76, 77, 79, 80, 81, 82, 83, 84, 86, 87, 88, 89, 90, 91, 93, 94, 100, 105, 106, 107, 109, 110, 111, 113, 114, 115, 119, 120, 121, 122, 123, 124, 126, 127, 131, 132, 133, 134, 135, 136, 138, 139, 142, 143, 145, 147, 148, 149]
  Groupe négatif (reads0): 46 éléments
    Indices: [1, 10, 11, 12, 13, 14, 15, 16, 17, 18, 19, 44, 49, 50, 51, 52, 53, 54, 55, 72, 78, 85, 92, 95, 96, 97, 98, 99, 101, 102, 103, 104, 108, 112, 116, 117, 118, 125, 128, 129, 130, 137, 140, 141, 144, 146]
  Colonnes concernées: 5 éléments
    Indices: [126, 174, 187, 189, 193]
  Ratio: 104:46 (positif:négatif)

----------------------------------------

