=== CLUSTERING STEPS POUR matrix_edge_19_42588_47588.csv ===
Nombre d'haplotypes: 4
Timestamp: 2025-06-06T15:36:51.032090
Nombre total de steps: 5

============================================================

STEP 1:
  Groupe positif (reads1): 1 éléments
    Indices: [51]
  Groupe négatif (reads0): 74 éléments
    Indices: [0, 1, 2, 3, 4, 5, 6, 7, 8, 9, 10, 11, 12, 13, 14, 15, 16, 17, 18, 19, 20, 21, 22, 23, 24, 25, 26, 27, 28, 29, 30, 31, 32, 33, 34, 35, 36, 37, 38, 39, 40, 41, 42, 43, 44, 45, 46, 47, 48, 49, 50, 52, 53, 54, 55, 56, 57, 58, 59, 60, 61, 62, 63, 64, 65, 66, 67, 68, 69, 70, 71, 72, 73, 74]
  Colonnes concernées: 3 éléments
    Indices: [17, 70, 74]
  Ratio: 1:74 (positif:négatif)

----------------------------------------

STEP 2:
  Groupe positif (reads1): 1 éléments
    Indices: [32]
  Groupe négatif (reads0): 74 éléments
    Indices: [0, 1, 2, 3, 4, 5, 6, 7, 8, 9, 10, 11, 12, 13, 14, 15, 16, 17, 18, 19, 20, 21, 22, 23, 24, 25, 26, 27, 28, 29, 30, 31, 33, 34, 35, 36, 37, 38, 39, 40, 41, 42, 43, 44, 45, 46, 47, 48, 49, 50, 51, 52, 53, 54, 55, 56, 57, 58, 59, 60, 61, 62, 63, 64, 65, 66, 67, 68, 69, 70, 71, 72, 73, 74]
  Colonnes concernées: 3 éléments
    Indices: [22, 29, 177]
  Ratio: 1:74 (positif:négatif)

----------------------------------------

STEP 3:
  Groupe positif (reads1): 1 éléments
    Indices: [2]
  Groupe négatif (reads0): 74 éléments
    Indices: [0, 1, 3, 4, 5, 6, 7, 8, 9, 10, 11, 12, 13, 14, 15, 16, 17, 18, 19, 20, 21, 22, 23, 24, 25, 26, 27, 28, 29, 30, 31, 32, 33, 34, 35, 36, 37, 38, 39, 40, 41, 42, 43, 44, 45, 46, 47, 48, 49, 50, 51, 52, 53, 54, 55, 56, 57, 58, 59, 60, 61, 62, 63, 64, 65, 66, 67, 68, 69, 70, 71, 72, 73, 74]
  Colonnes concernées: 3 éléments
    Indices: [96, 105, 135]
  Ratio: 1:74 (positif:négatif)

----------------------------------------

STEP 4:
  Groupe positif (reads1): 1 éléments
    Indices: [17]
  Groupe négatif (reads0): 74 éléments
    Indices: [0, 1, 2, 3, 4, 5, 6, 7, 8, 9, 10, 11, 12, 13, 14, 15, 16, 18, 19, 20, 21, 22, 23, 24, 25, 26, 27, 28, 29, 30, 31, 32, 33, 34, 35, 36, 37, 38, 39, 40, 41, 42, 43, 44, 45, 46, 47, 48, 49, 50, 51, 52, 53, 54, 55, 56, 57, 58, 59, 60, 61, 62, 63, 64, 65, 66, 67, 68, 69, 70, 71, 72, 73, 74]
  Colonnes concernées: 3 éléments
    Indices: [127, 134, 161]
  Ratio: 1:74 (positif:négatif)

----------------------------------------

STEP 5:
  Groupe positif (reads1): 34 éléments
    Indices: [0, 2, 4, 6, 8, 10, 13, 17, 18, 24, 25, 30, 33, 35, 37, 38, 39, 40, 41, 42, 43, 45, 47, 49, 54, 55, 56, 58, 63, 64, 67, 68, 70, 74]
  Groupe négatif (reads0): 41 éléments
    Indices: [1, 3, 5, 7, 9, 11, 12, 14, 15, 16, 19, 20, 21, 22, 23, 26, 27, 28, 29, 31, 32, 34, 36, 44, 46, 48, 50, 51, 52, 53, 57, 59, 60, 61, 62, 65, 66, 69, 71, 72, 73]
  Colonnes concernées: 9 éléments
    Indices: [25, 27, 31, 43, 91, 132, 150, 162, 183]
  Ratio: 34:41 (positif:négatif)

----------------------------------------

