=== CLUSTERING STEPS POUR matrix_edge_19_99372_104372.csv ===
Nombre d'haplotypes: 4
Timestamp: 2025-06-06T15:36:53.172321
Nombre total de steps: 2

============================================================

STEP 1:
  Groupe positif (reads1): 86 éléments
    Indices: [4, 8, 9, 11, 12, 13, 15, 17, 18, 19, 20, 22, 26, 28, 29, 31, 32, 40, 41, 45, 46, 49, 50, 52, 53, 54, 59, 60, 61, 62, 63, 66, 70, 71, 72, 75, 76, 77, 79, 80, 82, 86, 87, 88, 89, 91, 94, 96, 99, 100, 101, 102, 103, 105, 106, 108, 109, 112, 115, 117, 118, 119, 122, 126, 127, 129, 131, 132, 137, 141, 142, 143, 148, 149, 150, 152, 155, 157, 158, 159, 160, 162, 163, 164, 167, 168]
  Groupe négatif (reads0): 83 éléments
    Indices: [0, 1, 2, 3, 5, 6, 7, 10, 14, 16, 21, 23, 24, 25, 27, 30, 33, 34, 35, 36, 37, 38, 39, 42, 43, 44, 47, 48, 51, 55, 56, 57, 58, 64, 65, 67, 68, 69, 73, 74, 78, 81, 83, 84, 85, 90, 92, 93, 95, 97, 98, 104, 107, 110, 111, 113, 114, 116, 120, 121, 123, 124, 125, 128, 130, 133, 134, 135, 136, 138, 139, 140, 144, 145, 146, 147, 151, 153, 154, 156, 161, 165, 166]
  Colonnes concernées: 17 éléments
    Indices: [1, 9, 11, 34, 43, 44, 47, 48, 69, 88, 91, 92, 93, 96, 101, 104, 109]
  Ratio: 86:83 (positif:négatif)

----------------------------------------

STEP 2:
  Groupe positif (reads1): 83 éléments
    Indices: [0, 1, 2, 3, 5, 6, 7, 10, 14, 16, 21, 23, 24, 25, 27, 30, 33, 34, 35, 36, 37, 38, 39, 42, 43, 44, 47, 48, 51, 55, 56, 57, 58, 64, 65, 67, 68, 69, 73, 74, 78, 81, 83, 84, 85, 90, 92, 93, 95, 97, 98, 104, 107, 110, 111, 113, 114, 116, 120, 121, 123, 124, 125, 128, 130, 133, 134, 135, 136, 138, 139, 140, 144, 145, 146, 147, 151, 153, 154, 156, 161, 165, 166]
  Groupe négatif (reads0): 86 éléments
    Indices: [4, 8, 9, 11, 12, 13, 15, 17, 18, 19, 20, 22, 26, 28, 29, 31, 32, 40, 41, 45, 46, 49, 50, 52, 53, 54, 59, 60, 61, 62, 63, 66, 70, 71, 72, 75, 76, 77, 79, 80, 82, 86, 87, 88, 89, 91, 94, 96, 99, 100, 101, 102, 103, 105, 106, 108, 109, 112, 115, 117, 118, 119, 122, 126, 127, 129, 131, 132, 137, 141, 142, 143, 148, 149, 150, 152, 155, 157, 158, 159, 160, 162, 163, 164, 167, 168]
  Colonnes concernées: 6 éléments
    Indices: [26, 72, 82, 83, 84, 105]
  Ratio: 83:86 (positif:négatif)

----------------------------------------

