=== CLUSTERING STEPS POUR matrix_edge_11_88870_93870.csv ===
Nombre d'haplotypes: 4
Timestamp: 2025-06-06T15:36:47.779212
Nombre total de steps: 4

============================================================

STEP 1:
  Groupe positif (reads1): 44 éléments
    Indices: [3, 6, 7, 15, 18, 19, 20, 21, 22, 23, 24, 25, 26, 27, 28, 29, 30, 31, 32, 33, 34, 44, 45, 51, 52, 54, 56, 57, 61, 70, 71, 72, 73, 74, 81, 86, 93, 95, 100, 105, 106, 109, 111, 114]
  Groupe négatif (reads0): 73 éléments
    Indices: [0, 1, 2, 4, 5, 8, 9, 10, 11, 12, 13, 14, 16, 17, 35, 36, 37, 38, 39, 40, 41, 42, 43, 46, 47, 48, 49, 50, 53, 55, 58, 59, 60, 62, 63, 64, 65, 66, 67, 68, 69, 75, 76, 77, 78, 79, 80, 82, 83, 84, 85, 87, 88, 89, 90, 91, 92, 94, 96, 97, 98, 99, 101, 102, 103, 104, 107, 108, 110, 112, 113, 115, 116]
  Colonnes concernées: 15 éléments
    Indices: [15, 34, 44, 46, 59, 87, 92, 114, 128, 129, 132, 137, 164, 175, 179]
  Ratio: 44:73 (positif:négatif)

----------------------------------------

STEP 2:
  Groupe positif (reads1): 75 éléments
    Indices: [0, 1, 2, 4, 5, 8, 9, 10, 11, 12, 13, 14, 16, 17, 35, 36, 37, 38, 39, 40, 41, 42, 43, 46, 47, 48, 49, 50, 53, 55, 58, 59, 60, 61, 62, 63, 64, 65, 66, 67, 68, 69, 75, 76, 77, 78, 79, 80, 82, 83, 84, 85, 87, 88, 89, 90, 91, 92, 94, 96, 97, 98, 99, 101, 102, 103, 104, 106, 107, 108, 110, 112, 113, 115, 116]
  Groupe négatif (reads0): 42 éléments
    Indices: [3, 6, 7, 15, 18, 19, 20, 21, 22, 23, 24, 25, 26, 27, 28, 29, 30, 31, 32, 33, 34, 44, 45, 51, 52, 54, 56, 57, 70, 71, 72, 73, 74, 81, 86, 93, 95, 100, 105, 109, 111, 114]
  Colonnes concernées: 4 éléments
    Indices: [42, 112, 136, 149]
  Ratio: 75:42 (positif:négatif)

----------------------------------------

STEP 3:
  Groupe positif (reads1): 32 éléments
    Indices: [0, 4, 5, 8, 10, 13, 14, 35, 37, 39, 40, 41, 46, 47, 48, 49, 58, 65, 66, 67, 68, 75, 77, 83, 84, 90, 92, 94, 96, 110, 113, 115]
  Groupe négatif (reads0): 85 éléments
    Indices: [1, 2, 3, 6, 7, 9, 11, 12, 15, 16, 17, 18, 19, 20, 21, 22, 23, 24, 25, 26, 27, 28, 29, 30, 31, 32, 33, 34, 36, 38, 42, 43, 44, 45, 50, 51, 52, 53, 54, 55, 56, 57, 59, 60, 61, 62, 63, 64, 69, 70, 71, 72, 73, 74, 76, 78, 79, 80, 81, 82, 85, 86, 87, 88, 89, 91, 93, 95, 97, 98, 99, 100, 101, 102, 103, 104, 105, 106, 107, 108, 109, 111, 112, 114, 116]
  Colonnes concernées: 5 éléments
    Indices: [2, 109, 117, 123, 176]
  Ratio: 32:85 (positif:négatif)

----------------------------------------

STEP 4:
  Groupe positif (reads1): 76 éléments
    Indices: [0, 3, 4, 5, 6, 7, 8, 10, 13, 14, 15, 18, 19, 20, 21, 22, 23, 24, 25, 26, 27, 28, 29, 30, 31, 32, 33, 34, 35, 37, 39, 40, 41, 44, 45, 46, 47, 48, 49, 51, 52, 54, 56, 57, 58, 61, 65, 66, 67, 68, 70, 71, 72, 73, 74, 75, 77, 81, 83, 84, 86, 90, 92, 93, 94, 95, 96, 100, 105, 106, 109, 110, 111, 113, 114, 115]
  Groupe négatif (reads0): 41 éléments
    Indices: [1, 2, 9, 11, 12, 16, 17, 36, 38, 42, 43, 50, 53, 55, 59, 60, 62, 63, 64, 69, 76, 78, 79, 80, 82, 85, 87, 88, 89, 91, 97, 98, 99, 101, 102, 103, 104, 107, 108, 112, 116]
  Colonnes concernées: 9 éléments
    Indices: [4, 10, 11, 24, 53, 60, 70, 78, 133]
  Ratio: 76:41 (positif:négatif)

----------------------------------------

