=== CLUSTERING STEPS POUR matrix_edge_19_70980_75980.csv ===
Nombre d'haplotypes: 4
Timestamp: 2025-06-06T15:36:52.269684
Nombre total de steps: 6

============================================================

STEP 1:
  Groupe positif (reads1): 101 éléments
    Indices: [18, 19, 20, 21, 22, 23, 24, 25, 26, 27, 28, 29, 30, 32, 36, 37, 38, 41, 42, 43, 46, 48, 49, 50, 52, 53, 55, 56, 59, 62, 63, 66, 71, 73, 76, 77, 78, 80, 81, 82, 85, 87, 91, 93, 96, 98, 99, 104, 105, 106, 107, 110, 112, 113, 114, 115, 116, 117, 119, 121, 122, 124, 125, 128, 130, 132, 133, 138, 141, 142, 143, 144, 146, 147, 149, 150, 151, 153, 155, 156, 157, 158, 167, 168, 169, 174, 175, 178, 179, 181, 182, 184, 185, 186, 187, 188, 189, 190, 191, 192, 194]
  Groupe négatif (reads0): 95 éléments
    Indices: [0, 1, 2, 3, 4, 5, 6, 7, 8, 9, 10, 11, 12, 13, 14, 15, 16, 17, 31, 33, 34, 35, 39, 40, 44, 45, 47, 51, 54, 57, 58, 60, 61, 64, 65, 67, 68, 69, 70, 72, 74, 75, 79, 83, 84, 86, 88, 89, 90, 92, 94, 95, 97, 100, 101, 102, 103, 108, 109, 111, 118, 120, 123, 126, 127, 129, 131, 134, 135, 136, 137, 139, 140, 145, 148, 152, 154, 159, 160, 161, 162, 163, 164, 165, 166, 170, 171, 172, 173, 176, 177, 180, 183, 193, 195]
  Colonnes concernées: 27 éléments
    Indices: [1, 2, 6, 25, 46, 47, 49, 59, 60, 62, 78, 85, 93, 94, 114, 122, 131, 134, 136, 137, 143, 150, 158, 175, 177, 179, 196]
  Ratio: 101:95 (positif:négatif)

----------------------------------------

STEP 2:
  Groupe positif (reads1): 102 éléments
    Indices: [18, 19, 20, 21, 22, 23, 24, 25, 26, 27, 28, 29, 30, 32, 36, 37, 38, 41, 42, 43, 46, 48, 49, 50, 52, 53, 55, 56, 59, 62, 63, 66, 71, 73, 76, 77, 78, 80, 81, 82, 85, 87, 91, 93, 96, 98, 99, 104, 105, 106, 107, 110, 112, 113, 114, 115, 116, 117, 119, 121, 122, 124, 125, 128, 130, 131, 132, 133, 138, 141, 142, 143, 144, 146, 147, 149, 150, 151, 153, 155, 156, 157, 158, 167, 168, 169, 174, 175, 178, 179, 180, 181, 182, 184, 185, 186, 187, 188, 189, 190, 192, 194]
  Groupe négatif (reads0): 94 éléments
    Indices: [0, 1, 2, 3, 4, 5, 6, 7, 8, 9, 10, 11, 12, 13, 14, 15, 16, 17, 31, 33, 34, 35, 39, 40, 44, 45, 47, 51, 54, 57, 58, 60, 61, 64, 65, 67, 68, 69, 70, 72, 74, 75, 79, 83, 84, 86, 88, 89, 90, 92, 94, 95, 97, 100, 101, 102, 103, 108, 109, 111, 118, 120, 123, 126, 127, 129, 134, 135, 136, 137, 139, 140, 145, 148, 152, 154, 159, 160, 161, 162, 163, 164, 165, 166, 170, 171, 172, 173, 176, 177, 183, 191, 193, 195]
  Colonnes concernées: 3 éléments
    Indices: [19, 95, 144]
  Ratio: 102:94 (positif:négatif)

----------------------------------------

STEP 3:
  Groupe positif (reads1): 146 éléments
    Indices: [0, 3, 9, 14, 16, 17, 18, 19, 20, 21, 22, 23, 24, 25, 26, 27, 28, 29, 30, 31, 32, 34, 35, 36, 37, 38, 41, 42, 43, 44, 45, 46, 48, 49, 50, 51, 52, 53, 54, 55, 56, 57, 59, 62, 63, 65, 66, 67, 71, 72, 73, 74, 76, 77, 78, 80, 81, 82, 84, 85, 86, 87, 88, 89, 91, 92, 93, 95, 96, 97, 98, 99, 101, 103, 104, 105, 106, 107, 110, 112, 113, 114, 115, 116, 117, 118, 119, 121, 122, 124, 125, 126, 128, 129, 130, 132, 133, 134, 135, 138, 140, 141, 142, 143, 144, 146, 147, 149, 150, 151, 152, 153, 154, 155, 156, 157, 158, 161, 162, 164, 165, 166, 167, 168, 169, 171, 173, 174, 175, 177, 178, 179, 181, 182, 183, 184, 185, 186, 187, 188, 189, 190, 191, 192, 194, 195]
  Groupe négatif (reads0): 50 éléments
    Indices: [1, 2, 4, 5, 6, 7, 8, 10, 11, 12, 13, 15, 33, 39, 40, 47, 58, 60, 61, 64, 68, 69, 70, 75, 79, 83, 90, 94, 100, 102, 108, 109, 111, 120, 123, 127, 131, 136, 137, 139, 145, 148, 159, 160, 163, 170, 172, 176, 180, 193]
  Colonnes concernées: 8 éléments
    Indices: [33, 102, 140, 149, 161, 162, 166, 200]
  Ratio: 146:50 (positif:négatif)

----------------------------------------

STEP 4:
  Groupe positif (reads1): 95 éléments
    Indices: [0, 1, 2, 3, 4, 5, 6, 7, 8, 9, 10, 11, 12, 13, 14, 15, 16, 17, 31, 33, 34, 35, 39, 40, 44, 45, 47, 51, 54, 57, 58, 60, 61, 64, 65, 67, 68, 69, 70, 72, 74, 75, 79, 83, 84, 86, 88, 89, 90, 92, 94, 95, 97, 100, 101, 102, 103, 108, 109, 111, 118, 120, 123, 126, 127, 129, 131, 134, 135, 136, 137, 139, 140, 145, 148, 152, 154, 159, 160, 161, 162, 163, 164, 165, 166, 170, 171, 172, 173, 176, 177, 180, 183, 193, 195]
  Groupe négatif (reads0): 101 éléments
    Indices: [18, 19, 20, 21, 22, 23, 24, 25, 26, 27, 28, 29, 30, 32, 36, 37, 38, 41, 42, 43, 46, 48, 49, 50, 52, 53, 55, 56, 59, 62, 63, 66, 71, 73, 76, 77, 78, 80, 81, 82, 85, 87, 91, 93, 96, 98, 99, 104, 105, 106, 107, 110, 112, 113, 114, 115, 116, 117, 119, 121, 122, 124, 125, 128, 130, 132, 133, 138, 141, 142, 143, 144, 146, 147, 149, 150, 151, 153, 155, 156, 157, 158, 167, 168, 169, 174, 175, 178, 179, 181, 182, 184, 185, 186, 187, 188, 189, 190, 191, 192, 194]
  Colonnes concernées: 15 éléments
    Indices: [13, 17, 18, 26, 27, 34, 57, 63, 70, 72, 74, 96, 139, 181, 188]
  Ratio: 95:101 (positif:négatif)

----------------------------------------

STEP 5:
  Groupe positif (reads1): 96 éléments
    Indices: [0, 1, 2, 3, 4, 5, 6, 7, 8, 9, 10, 11, 12, 13, 14, 15, 16, 17, 31, 33, 34, 35, 39, 40, 44, 45, 47, 51, 54, 57, 58, 60, 61, 64, 65, 67, 68, 69, 70, 72, 74, 75, 79, 83, 84, 86, 88, 89, 90, 92, 94, 95, 97, 100, 101, 102, 103, 108, 109, 111, 118, 120, 123, 126, 127, 129, 131, 134, 135, 136, 137, 139, 140, 145, 148, 152, 154, 159, 160, 161, 162, 163, 164, 165, 166, 170, 171, 172, 173, 176, 177, 180, 183, 185, 193, 195]
  Groupe négatif (reads0): 100 éléments
    Indices: [18, 19, 20, 21, 22, 23, 24, 25, 26, 27, 28, 29, 30, 32, 36, 37, 38, 41, 42, 43, 46, 48, 49, 50, 52, 53, 55, 56, 59, 62, 63, 66, 71, 73, 76, 77, 78, 80, 81, 82, 85, 87, 91, 93, 96, 98, 99, 104, 105, 106, 107, 110, 112, 113, 114, 115, 116, 117, 119, 121, 122, 124, 125, 128, 130, 132, 133, 138, 141, 142, 143, 144, 146, 147, 149, 150, 151, 153, 155, 156, 157, 158, 167, 168, 169, 174, 175, 178, 179, 181, 182, 184, 186, 187, 188, 189, 190, 191, 192, 194]
  Colonnes concernées: 3 éléments
    Indices: [41, 61, 104]
  Ratio: 96:100 (positif:négatif)

----------------------------------------

STEP 6:
  Groupe positif (reads1): 151 éléments
    Indices: [1, 2, 4, 5, 6, 7, 8, 10, 11, 12, 13, 15, 18, 19, 20, 21, 22, 23, 24, 25, 26, 27, 28, 29, 30, 32, 33, 36, 37, 38, 39, 40, 41, 42, 43, 46, 47, 48, 49, 50, 52, 53, 55, 56, 58, 59, 60, 61, 62, 63, 64, 66, 68, 69, 70, 71, 73, 75, 76, 77, 78, 79, 80, 81, 82, 83, 85, 87, 90, 91, 93, 94, 96, 98, 99, 100, 102, 104, 105, 106, 107, 108, 109, 110, 111, 112, 113, 114, 115, 116, 117, 119, 120, 121, 122, 123, 124, 125, 127, 128, 130, 131, 132, 133, 136, 137, 138, 139, 141, 142, 143, 144, 145, 146, 147, 148, 149, 150, 151, 153, 155, 156, 157, 158, 159, 160, 163, 167, 168, 169, 170, 172, 174, 175, 176, 178, 179, 180, 181, 182, 184, 185, 186, 187, 188, 189, 190, 191, 192, 193, 194]
  Groupe négatif (reads0): 45 éléments
    Indices: [0, 3, 9, 14, 16, 17, 31, 34, 35, 44, 45, 51, 54, 57, 65, 67, 72, 74, 84, 86, 88, 89, 92, 95, 97, 101, 103, 118, 126, 129, 134, 135, 140, 152, 154, 161, 162, 164, 165, 166, 171, 173, 177, 183, 195]
  Colonnes concernées: 14 éléments
    Indices: [35, 77, 109, 129, 130, 163, 164, 165, 168, 169, 170, 172, 178, 197]
  Ratio: 151:45 (positif:négatif)

----------------------------------------

