=== CLUSTERING STEPS POUR matrix_edge_2_83748_88748.csv ===
Nombre d'haplotypes: 4
Timestamp: 2025-06-06T15:35:59.493641
Nombre total de steps: 5

============================================================

STEP 1:
  Groupe positif (reads1): 68 éléments
    Indices: [0, 1, 2, 3, 4, 5, 6, 7, 10, 11, 12, 13, 14, 15, 16, 17, 18, 19, 20, 21, 22, 24, 25, 26, 29, 30, 31, 33, 34, 39, 43, 47, 48, 49, 51, 52, 53, 55, 56, 58, 59, 60, 61, 62, 63, 65, 66, 67, 68, 70, 71, 72, 73, 74, 75, 76, 77, 78, 80, 81, 82, 83, 85, 86, 87, 88, 89, 92]
  Groupe négatif (reads0): 25 éléments
    Indices: [8, 9, 23, 27, 28, 32, 35, 36, 37, 38, 40, 41, 42, 44, 45, 46, 50, 54, 57, 64, 69, 79, 84, 90, 91]
  Colonnes concernées: 20 éléments
    Indices: [14, 23, 41, 45, 63, 71, 73, 74, 97, 102, 108, 109, 205, 215, 224, 227, 240, 249, 306, 326]
  Ratio: 68:25 (positif:négatif)

----------------------------------------

STEP 2:
  Groupe positif (reads1): 70 éléments
    Indices: [0, 1, 2, 3, 4, 5, 6, 7, 8, 9, 10, 11, 12, 13, 14, 15, 16, 19, 22, 23, 24, 25, 27, 28, 29, 30, 31, 32, 34, 35, 36, 37, 38, 40, 41, 42, 44, 45, 46, 48, 49, 50, 51, 52, 54, 55, 56, 57, 60, 62, 64, 65, 67, 69, 70, 71, 72, 73, 74, 75, 78, 79, 84, 85, 86, 88, 89, 90, 91, 92]
  Groupe négatif (reads0): 23 éléments
    Indices: [17, 18, 20, 21, 26, 33, 39, 43, 47, 53, 58, 59, 61, 63, 66, 68, 76, 77, 80, 81, 82, 83, 87]
  Colonnes concernées: 19 éléments
    Indices: [3, 69, 105, 110, 116, 117, 135, 145, 160, 161, 168, 172, 185, 190, 208, 239, 244, 286, 298]
  Ratio: 70:23 (positif:négatif)

----------------------------------------

STEP 3:
  Groupe positif (reads1): 45 éléments
    Indices: [0, 1, 2, 3, 4, 5, 6, 7, 10, 11, 12, 13, 14, 15, 16, 19, 22, 24, 25, 29, 30, 31, 34, 48, 49, 51, 52, 55, 56, 60, 62, 65, 67, 70, 71, 72, 73, 74, 75, 78, 85, 86, 88, 89, 92]
  Groupe négatif (reads0): 48 éléments
    Indices: [8, 9, 17, 18, 20, 21, 23, 26, 27, 28, 32, 33, 35, 36, 37, 38, 39, 40, 41, 42, 43, 44, 45, 46, 47, 50, 53, 54, 57, 58, 59, 61, 63, 64, 66, 68, 69, 76, 77, 79, 80, 81, 82, 83, 84, 87, 90, 91]
  Colonnes concernées: 6 éléments
    Indices: [21, 72, 199, 202, 295, 325]
  Ratio: 45:48 (positif:négatif)

----------------------------------------

STEP 4:
  Groupe positif (reads1): 22 éléments
    Indices: [17, 18, 20, 21, 26, 33, 39, 43, 47, 53, 58, 59, 61, 66, 68, 76, 77, 80, 81, 82, 83, 87]
  Groupe négatif (reads0): 71 éléments
    Indices: [0, 1, 2, 3, 4, 5, 6, 7, 8, 9, 10, 11, 12, 13, 14, 15, 16, 19, 22, 23, 24, 25, 27, 28, 29, 30, 31, 32, 34, 35, 36, 37, 38, 40, 41, 42, 44, 45, 46, 48, 49, 50, 51, 52, 54, 55, 56, 57, 60, 62, 63, 64, 65, 67, 69, 70, 71, 72, 73, 74, 75, 78, 79, 84, 85, 86, 88, 89, 90, 91, 92]
  Colonnes concernées: 8 éléments
    Indices: [50, 55, 166, 173, 183, 194, 258, 299]
  Ratio: 22:71 (positif:négatif)

----------------------------------------

STEP 5:
  Groupe positif (reads1): 48 éléments
    Indices: [8, 9, 17, 18, 20, 21, 23, 26, 27, 28, 32, 33, 35, 36, 37, 38, 39, 40, 41, 42, 43, 44, 45, 46, 47, 50, 53, 54, 57, 58, 59, 61, 63, 64, 66, 68, 69, 76, 77, 79, 80, 81, 82, 83, 84, 87, 90, 91]
  Groupe négatif (reads0): 45 éléments
    Indices: [0, 1, 2, 3, 4, 5, 6, 7, 10, 11, 12, 13, 14, 15, 16, 19, 22, 24, 25, 29, 30, 31, 34, 48, 49, 51, 52, 55, 56, 60, 62, 65, 67, 70, 71, 72, 73, 74, 75, 78, 85, 86, 88, 89, 92]
  Colonnes concernées: 9 éléments
    Indices: [6, 17, 19, 39, 176, 178, 198, 245, 266]
  Ratio: 48:45 (positif:négatif)

----------------------------------------

