=== CLUSTERING STEPS POUR matrix_edge_2_69790_74790.csv ===
Nombre d'haplotypes: 4
Timestamp: 2025-06-06T15:35:58.820146
Nombre total de steps: 7

============================================================

STEP 1:
  Groupe positif (reads1): 200 éléments
    Indices: [0, 1, 2, 3, 4, 5, 6, 7, 8, 9, 10, 11, 15, 16, 17, 18, 20, 21, 22, 23, 24, 25, 26, 27, 28, 29, 30, 31, 32, 33, 34, 35, 36, 38, 40, 41, 43, 44, 46, 47, 48, 49, 50, 51, 53, 54, 55, 56, 57, 58, 59, 60, 61, 62, 64, 65, 66, 67, 68, 69, 70, 71, 73, 74, 75, 76, 77, 78, 79, 80, 81, 82, 83, 84, 85, 86, 87, 89, 90, 91, 92, 93, 94, 95, 96, 97, 98, 99, 101, 102, 103, 105, 106, 107, 108, 111, 112, 114, 116, 117, 118, 119, 120, 121, 122, 123, 124, 125, 126, 127, 128, 129, 131, 132, 133, 134, 135, 138, 141, 142, 143, 144, 145, 146, 147, 150, 151, 152, 153, 154, 155, 156, 157, 158, 159, 160, 161, 162, 163, 165, 167, 168, 169, 170, 171, 172, 173, 174, 175, 176, 177, 178, 180, 181, 183, 184, 185, 186, 187, 188, 189, 190, 191, 192, 193, 194, 195, 197, 198, 199, 200, 201, 202, 203, 204, 206, 207, 208, 209, 212, 213, 214, 216, 217, 219, 221, 222, 223, 224, 225, 226, 227, 228, 229, 230, 231, 232, 236, 237, 238]
  Groupe négatif (reads0): 39 éléments
    Indices: [12, 13, 14, 19, 37, 39, 42, 45, 52, 63, 72, 88, 100, 104, 109, 110, 113, 115, 130, 136, 137, 139, 140, 148, 149, 164, 166, 179, 182, 196, 205, 210, 211, 215, 218, 220, 233, 234, 235]
  Colonnes concernées: 9 éléments
    Indices: [12, 30, 33, 48, 62, 98, 110, 119, 123]
  Ratio: 200:39 (positif:négatif)

----------------------------------------

STEP 2:
  Groupe positif (reads1): 10 éléments
    Indices: [6, 21, 53, 91, 98, 114, 150, 159, 163, 194]
  Groupe négatif (reads0): 229 éléments
    Indices: [0, 1, 2, 3, 4, 5, 7, 8, 9, 10, 11, 12, 13, 14, 15, 16, 17, 18, 19, 20, 22, 23, 24, 25, 26, 27, 28, 29, 30, 31, 32, 33, 34, 35, 36, 37, 38, 39, 40, 41, 42, 43, 44, 45, 46, 47, 48, 49, 50, 51, 52, 54, 55, 56, 57, 58, 59, 60, 61, 62, 63, 64, 65, 66, 67, 68, 69, 70, 71, 72, 73, 74, 75, 76, 77, 78, 79, 80, 81, 82, 83, 84, 85, 86, 87, 88, 89, 90, 92, 93, 94, 95, 96, 97, 99, 100, 101, 102, 103, 104, 105, 106, 107, 108, 109, 110, 111, 112, 113, 115, 116, 117, 118, 119, 120, 121, 122, 123, 124, 125, 126, 127, 128, 129, 130, 131, 132, 133, 134, 135, 136, 137, 138, 139, 140, 141, 142, 143, 144, 145, 146, 147, 148, 149, 151, 152, 153, 154, 155, 156, 157, 158, 160, 161, 162, 164, 165, 166, 167, 168, 169, 170, 171, 172, 173, 174, 175, 176, 177, 178, 179, 180, 181, 182, 183, 184, 185, 186, 187, 188, 189, 190, 191, 192, 193, 195, 196, 197, 198, 199, 200, 201, 202, 203, 204, 205, 206, 207, 208, 209, 210, 211, 212, 213, 214, 215, 216, 217, 218, 219, 220, 221, 222, 223, 224, 225, 226, 227, 228, 229, 230, 231, 232, 233, 234, 235, 236, 237, 238]
  Colonnes concernées: 4 éléments
    Indices: [15, 43, 69, 81]
  Ratio: 10:229 (positif:négatif)

----------------------------------------

STEP 3:
  Groupe positif (reads1): 112 éléments
    Indices: [2, 3, 4, 5, 6, 7, 8, 11, 20, 21, 25, 27, 28, 29, 32, 34, 36, 38, 41, 43, 48, 49, 50, 53, 54, 55, 56, 57, 58, 59, 60, 61, 66, 67, 68, 69, 71, 73, 76, 77, 78, 79, 81, 83, 84, 87, 90, 91, 92, 93, 94, 95, 98, 99, 111, 112, 114, 117, 118, 119, 122, 124, 125, 126, 131, 134, 138, 142, 143, 145, 146, 147, 150, 155, 158, 159, 163, 167, 169, 170, 171, 174, 178, 180, 181, 183, 184, 185, 187, 188, 189, 190, 191, 194, 197, 198, 200, 201, 202, 206, 208, 214, 221, 222, 224, 225, 226, 227, 229, 231, 236, 238]
  Groupe négatif (reads0): 127 éléments
    Indices: [0, 1, 9, 10, 12, 13, 14, 15, 16, 17, 18, 19, 22, 23, 24, 26, 30, 31, 33, 35, 37, 39, 40, 42, 44, 45, 46, 47, 51, 52, 62, 63, 64, 65, 70, 72, 74, 75, 80, 82, 85, 86, 88, 89, 96, 97, 100, 101, 102, 103, 104, 105, 106, 107, 108, 109, 110, 113, 115, 116, 120, 121, 123, 127, 128, 129, 130, 132, 133, 135, 136, 137, 139, 140, 141, 144, 148, 149, 151, 152, 153, 154, 156, 157, 160, 161, 162, 164, 165, 166, 168, 172, 173, 175, 176, 177, 179, 182, 186, 192, 193, 195, 196, 199, 203, 204, 205, 207, 209, 210, 211, 212, 213, 215, 216, 217, 218, 219, 220, 223, 228, 230, 232, 233, 234, 235, 237]
  Colonnes concernées: 5 éléments
    Indices: [2, 14, 27, 55, 124]
  Ratio: 112:127 (positif:négatif)

----------------------------------------

STEP 4:
  Groupe positif (reads1): 129 éléments
    Indices: [0, 1, 9, 10, 12, 13, 14, 15, 16, 17, 18, 19, 22, 23, 24, 26, 30, 31, 33, 35, 37, 39, 40, 42, 44, 45, 46, 47, 51, 52, 61, 62, 63, 64, 65, 70, 72, 74, 75, 80, 82, 85, 86, 88, 89, 96, 97, 100, 101, 102, 103, 104, 105, 106, 107, 108, 109, 110, 113, 115, 116, 120, 121, 123, 127, 128, 129, 130, 132, 133, 135, 136, 137, 139, 140, 141, 144, 148, 149, 151, 152, 153, 154, 156, 157, 160, 162, 164, 165, 166, 168, 172, 173, 175, 176, 177, 179, 181, 182, 186, 192, 193, 195, 196, 199, 203, 204, 205, 207, 209, 210, 211, 212, 213, 215, 216, 217, 218, 219, 220, 223, 227, 228, 230, 232, 233, 234, 235, 237]
  Groupe négatif (reads0): 110 éléments
    Indices: [2, 3, 4, 5, 6, 7, 8, 11, 20, 21, 25, 27, 28, 29, 32, 34, 36, 38, 41, 43, 48, 49, 50, 53, 54, 55, 56, 57, 58, 59, 60, 66, 67, 68, 69, 71, 73, 76, 77, 78, 79, 81, 83, 84, 87, 90, 91, 92, 93, 94, 95, 98, 99, 111, 112, 114, 117, 118, 119, 122, 124, 125, 126, 131, 134, 138, 142, 143, 145, 146, 147, 150, 155, 158, 159, 161, 163, 167, 169, 170, 171, 174, 178, 180, 183, 184, 185, 187, 188, 189, 190, 191, 194, 197, 198, 200, 201, 202, 206, 208, 214, 221, 222, 224, 225, 226, 229, 231, 236, 238]
  Colonnes concernées: 3 éléments
    Indices: [65, 66, 97]
  Ratio: 129:110 (positif:négatif)

----------------------------------------

STEP 5:
  Groupe positif (reads1): 125 éléments
    Indices: [0, 1, 9, 10, 12, 13, 14, 15, 16, 17, 18, 19, 22, 23, 24, 26, 30, 31, 33, 35, 37, 39, 40, 42, 44, 45, 46, 47, 51, 52, 62, 63, 64, 65, 70, 72, 74, 75, 80, 82, 85, 86, 88, 89, 96, 97, 100, 101, 102, 103, 104, 105, 106, 107, 108, 109, 110, 113, 115, 116, 120, 121, 123, 127, 128, 129, 130, 132, 135, 136, 137, 139, 140, 141, 144, 148, 149, 151, 152, 153, 154, 156, 157, 160, 161, 162, 164, 165, 166, 168, 172, 173, 175, 176, 177, 179, 182, 186, 192, 193, 195, 196, 199, 203, 204, 205, 207, 209, 210, 211, 212, 213, 215, 216, 217, 218, 219, 220, 223, 230, 232, 233, 234, 235, 237]
  Groupe négatif (reads0): 114 éléments
    Indices: [2, 3, 4, 5, 6, 7, 8, 11, 20, 21, 25, 27, 28, 29, 32, 34, 36, 38, 41, 43, 48, 49, 50, 53, 54, 55, 56, 57, 58, 59, 60, 61, 66, 67, 68, 69, 71, 73, 76, 77, 78, 79, 81, 83, 84, 87, 90, 91, 92, 93, 94, 95, 98, 99, 111, 112, 114, 117, 118, 119, 122, 124, 125, 126, 131, 133, 134, 138, 142, 143, 145, 146, 147, 150, 155, 158, 159, 163, 167, 169, 170, 171, 174, 178, 180, 181, 183, 184, 185, 187, 188, 189, 190, 191, 194, 197, 198, 200, 201, 202, 206, 208, 214, 221, 222, 224, 225, 226, 227, 228, 229, 231, 236, 238]
  Colonnes concernées: 3 éléments
    Indices: [108, 111, 122]
  Ratio: 125:114 (positif:négatif)

----------------------------------------

STEP 6:
  Groupe positif (reads1): 51 éléments
    Indices: [4, 8, 11, 21, 28, 29, 32, 38, 48, 49, 50, 54, 55, 56, 57, 58, 59, 60, 68, 69, 73, 76, 77, 78, 83, 84, 87, 94, 95, 111, 112, 117, 122, 125, 131, 147, 155, 158, 159, 163, 169, 174, 180, 183, 185, 189, 190, 191, 197, 221, 226]
  Groupe négatif (reads0): 188 éléments
    Indices: [0, 1, 2, 3, 5, 6, 7, 9, 10, 12, 13, 14, 15, 16, 17, 18, 19, 20, 22, 23, 24, 25, 26, 27, 30, 31, 33, 34, 35, 36, 37, 39, 40, 41, 42, 43, 44, 45, 46, 47, 51, 52, 53, 61, 62, 63, 64, 65, 66, 67, 70, 71, 72, 74, 75, 79, 80, 81, 82, 85, 86, 88, 89, 90, 91, 92, 93, 96, 97, 98, 99, 100, 101, 102, 103, 104, 105, 106, 107, 108, 109, 110, 113, 114, 115, 116, 118, 119, 120, 121, 123, 124, 126, 127, 128, 129, 130, 132, 133, 134, 135, 136, 137, 138, 139, 140, 141, 142, 143, 144, 145, 146, 148, 149, 150, 151, 152, 153, 154, 156, 157, 160, 161, 162, 164, 165, 166, 167, 168, 170, 171, 172, 173, 175, 176, 177, 178, 179, 181, 182, 184, 186, 187, 188, 192, 193, 194, 195, 196, 198, 199, 200, 201, 202, 203, 204, 205, 206, 207, 208, 209, 210, 211, 212, 213, 214, 215, 216, 217, 218, 219, 220, 222, 223, 224, 225, 227, 228, 229, 230, 231, 232, 233, 234, 235, 236, 237, 238]
  Colonnes concernées: 7 éléments
    Indices: [7, 8, 73, 82, 88, 92, 130]
  Ratio: 51:188 (positif:négatif)

----------------------------------------

STEP 7:
  Groupe positif (reads1): 45 éléments
    Indices: [0, 1, 9, 10, 22, 24, 30, 33, 35, 40, 46, 51, 62, 64, 70, 85, 96, 97, 101, 105, 106, 120, 135, 141, 144, 151, 153, 154, 157, 161, 172, 173, 175, 192, 195, 203, 207, 209, 212, 216, 223, 228, 230, 232, 237]
  Groupe négatif (reads0): 194 éléments
    Indices: [2, 3, 4, 5, 6, 7, 8, 11, 12, 13, 14, 15, 16, 17, 18, 19, 20, 21, 23, 25, 26, 27, 28, 29, 31, 32, 34, 36, 37, 38, 39, 41, 42, 43, 44, 45, 47, 48, 49, 50, 52, 53, 54, 55, 56, 57, 58, 59, 60, 61, 63, 65, 66, 67, 68, 69, 71, 72, 73, 74, 75, 76, 77, 78, 79, 80, 81, 82, 83, 84, 86, 87, 88, 89, 90, 91, 92, 93, 94, 95, 98, 99, 100, 102, 103, 104, 107, 108, 109, 110, 111, 112, 113, 114, 115, 116, 117, 118, 119, 121, 122, 123, 124, 125, 126, 127, 128, 129, 130, 131, 132, 133, 134, 136, 137, 138, 139, 140, 142, 143, 145, 146, 147, 148, 149, 150, 152, 155, 156, 158, 159, 160, 162, 163, 164, 165, 166, 167, 168, 169, 170, 171, 174, 176, 177, 178, 179, 180, 181, 182, 183, 184, 185, 186, 187, 188, 189, 190, 191, 193, 194, 196, 197, 198, 199, 200, 201, 202, 204, 205, 206, 208, 210, 211, 213, 214, 215, 217, 218, 219, 220, 221, 222, 224, 225, 226, 227, 229, 231, 233, 234, 235, 236, 238]
  Colonnes concernées: 8 éléments
    Indices: [10, 11, 38, 47, 70, 93, 99, 101]
  Ratio: 45:194 (positif:négatif)

----------------------------------------

