=== CLUSTERING STEPS POUR matrix_edge_2_153538_158538.csv ===
Nombre d'haplotypes: 4
Timestamp: 2025-06-06T15:36:16.112433
Nombre total de steps: 12

============================================================

STEP 1:
  Groupe positif (reads1): 306 éléments
    Indices: [0, 1, 2, 3, 4, 5, 6, 7, 8, 10, 11, 12, 14, 16, 17, 18, 19, 20, 22, 23, 25, 26, 27, 28, 29, 30, 31, 32, 33, 34, 35, 36, 37, 38, 39, 40, 41, 42, 43, 44, 45, 46, 48, 49, 50, 51, 52, 53, 54, 55, 56, 57, 58, 59, 60, 61, 62, 63, 64, 65, 66, 67, 68, 69, 70, 72, 73, 74, 76, 77, 78, 79, 80, 81, 82, 86, 87, 88, 89, 90, 91, 92, 93, 94, 95, 96, 97, 98, 99, 100, 101, 102, 103, 104, 105, 106, 107, 108, 109, 110, 111, 112, 113, 114, 115, 116, 117, 118, 119, 120, 121, 122, 123, 124, 126, 127, 128, 129, 130, 131, 132, 133, 134, 136, 137, 138, 139, 140, 141, 142, 143, 144, 145, 146, 147, 148, 149, 150, 151, 153, 154, 155, 156, 157, 158, 159, 160, 161, 162, 163, 164, 166, 167, 168, 170, 171, 172, 174, 175, 176, 177, 178, 179, 180, 181, 182, 183, 185, 186, 187, 188, 189, 190, 191, 192, 193, 195, 196, 197, 198, 200, 201, 202, 203, 204, 205, 206, 209, 210, 211, 212, 213, 214, 215, 216, 217, 218, 219, 221, 222, 223, 224, 225, 226, 227, 228, 229, 231, 232, 233, 234, 235, 236, 237, 238, 239, 240, 241, 242, 243, 244, 245, 246, 247, 248, 250, 251, 252, 253, 254, 255, 256, 257, 258, 259, 260, 261, 262, 263, 264, 265, 266, 267, 268, 270, 271, 272, 273, 274, 275, 276, 277, 278, 279, 280, 281, 282, 283, 284, 285, 286, 288, 290, 291, 292, 293, 294, 295, 296, 297, 298, 300, 301, 302, 303, 304, 305, 306, 307, 308, 309, 310, 311, 312, 313, 314, 315, 316, 317, 318, 319, 320, 321, 322, 323, 325, 327, 328, 329, 330, 331, 332, 333, 334, 335, 336]
  Groupe négatif (reads0): 32 éléments
    Indices: [9, 13, 15, 21, 24, 47, 71, 75, 83, 84, 85, 125, 135, 152, 165, 169, 173, 184, 194, 199, 207, 208, 220, 230, 249, 269, 287, 289, 299, 324, 326, 337]
  Colonnes concernées: 11 éléments
    Indices: [0, 17, 73, 94, 95, 118, 127, 147, 151, 168, 190]
  Ratio: 306:32 (positif:négatif)

----------------------------------------

STEP 2:
  Groupe positif (reads1): 311 éléments
    Indices: [0, 1, 2, 3, 4, 5, 7, 8, 9, 10, 11, 12, 13, 14, 15, 16, 17, 18, 19, 20, 21, 22, 23, 24, 26, 27, 28, 29, 30, 31, 32, 33, 34, 35, 36, 37, 38, 39, 40, 42, 43, 44, 45, 46, 47, 48, 49, 50, 51, 53, 54, 55, 57, 58, 60, 61, 62, 63, 64, 65, 66, 67, 68, 69, 70, 71, 72, 73, 74, 75, 76, 77, 78, 79, 80, 81, 82, 83, 84, 85, 86, 87, 88, 90, 91, 92, 93, 94, 95, 96, 97, 98, 101, 102, 103, 104, 105, 107, 108, 109, 110, 111, 112, 113, 114, 115, 116, 117, 118, 119, 120, 121, 123, 124, 125, 126, 127, 129, 130, 131, 132, 133, 134, 135, 136, 137, 138, 140, 141, 142, 143, 144, 146, 147, 148, 149, 150, 151, 152, 153, 154, 155, 156, 157, 158, 160, 161, 163, 164, 165, 166, 167, 168, 169, 170, 171, 172, 173, 174, 175, 176, 177, 178, 179, 180, 181, 182, 183, 184, 185, 186, 187, 188, 190, 191, 192, 193, 194, 195, 196, 198, 199, 200, 201, 202, 203, 204, 205, 206, 207, 208, 209, 210, 211, 212, 213, 214, 215, 216, 217, 218, 219, 220, 221, 222, 224, 225, 226, 227, 228, 229, 230, 231, 232, 234, 235, 236, 237, 238, 239, 240, 241, 242, 243, 244, 245, 246, 247, 248, 249, 250, 251, 252, 253, 254, 256, 257, 258, 259, 260, 261, 262, 263, 264, 265, 266, 267, 269, 270, 271, 272, 273, 274, 275, 276, 277, 278, 279, 280, 281, 282, 283, 285, 286, 287, 288, 289, 290, 291, 292, 293, 294, 295, 296, 297, 298, 299, 300, 301, 302, 303, 304, 305, 306, 307, 308, 309, 310, 311, 314, 315, 317, 318, 319, 320, 321, 322, 323, 324, 325, 326, 327, 328, 329, 330, 332, 333, 334, 335, 336, 337]
  Groupe négatif (reads0): 27 éléments
    Indices: [6, 25, 41, 52, 56, 59, 89, 99, 100, 106, 122, 128, 139, 145, 159, 162, 189, 197, 223, 233, 255, 268, 284, 312, 313, 316, 331]
  Colonnes concernées: 3 éléments
    Indices: [3, 90, 128]
  Ratio: 311:27 (positif:négatif)

----------------------------------------

STEP 3:
  Groupe positif (reads1): 302 éléments
    Indices: [0, 1, 2, 3, 4, 5, 6, 7, 8, 9, 10, 11, 12, 13, 14, 15, 16, 17, 18, 19, 20, 21, 22, 23, 24, 25, 26, 27, 29, 30, 31, 32, 33, 34, 35, 36, 37, 38, 39, 40, 41, 42, 43, 44, 45, 46, 47, 48, 49, 50, 52, 53, 54, 55, 56, 57, 58, 59, 60, 61, 62, 63, 64, 65, 66, 67, 68, 69, 70, 71, 72, 74, 75, 76, 78, 79, 80, 81, 82, 83, 84, 85, 86, 87, 89, 90, 91, 92, 93, 94, 95, 96, 97, 98, 99, 100, 103, 104, 105, 106, 107, 108, 111, 112, 113, 114, 115, 117, 118, 119, 120, 121, 122, 123, 125, 126, 127, 128, 129, 130, 131, 132, 133, 134, 135, 136, 137, 138, 139, 140, 143, 144, 145, 146, 147, 148, 149, 150, 152, 153, 154, 155, 156, 157, 158, 159, 160, 161, 162, 163, 164, 165, 167, 168, 169, 172, 173, 175, 176, 177, 178, 180, 181, 182, 183, 184, 185, 187, 188, 189, 190, 191, 192, 194, 195, 196, 197, 198, 199, 200, 201, 202, 203, 204, 206, 207, 208, 209, 210, 211, 212, 213, 214, 215, 217, 218, 219, 220, 221, 222, 223, 225, 226, 227, 228, 229, 230, 231, 233, 234, 235, 237, 238, 239, 240, 241, 242, 244, 245, 246, 247, 248, 249, 250, 251, 252, 253, 254, 255, 256, 257, 258, 259, 260, 261, 262, 263, 264, 265, 266, 267, 268, 269, 270, 271, 272, 273, 274, 277, 279, 280, 282, 283, 284, 287, 288, 289, 290, 291, 292, 293, 294, 295, 296, 297, 298, 299, 300, 301, 302, 303, 304, 305, 306, 308, 309, 310, 312, 313, 314, 315, 316, 317, 318, 319, 320, 321, 322, 324, 325, 326, 327, 328, 329, 330, 331, 332, 333, 334, 335, 336, 337]
  Groupe négatif (reads0): 36 éléments
    Indices: [28, 51, 73, 77, 88, 101, 102, 109, 110, 116, 124, 141, 142, 151, 166, 170, 171, 174, 179, 186, 193, 205, 216, 224, 232, 236, 243, 275, 276, 278, 281, 285, 286, 307, 311, 323]
  Colonnes concernées: 24 éléments
    Indices: [7, 9, 13, 18, 22, 41, 51, 63, 66, 67, 91, 101, 102, 106, 154, 158, 163, 164, 166, 170, 171, 184, 187, 189]
  Ratio: 302:36 (positif:négatif)

----------------------------------------

STEP 4:
  Groupe positif (reads1): 170 éléments
    Indices: [3, 4, 5, 6, 7, 14, 16, 17, 19, 20, 22, 25, 26, 28, 30, 33, 36, 45, 50, 51, 52, 54, 56, 57, 58, 59, 64, 65, 67, 68, 72, 73, 74, 77, 79, 80, 81, 88, 89, 90, 91, 94, 99, 100, 101, 102, 103, 104, 105, 106, 107, 109, 110, 115, 116, 117, 121, 122, 123, 124, 127, 128, 132, 136, 138, 139, 141, 142, 143, 145, 147, 151, 154, 155, 156, 159, 162, 163, 166, 167, 168, 170, 171, 172, 174, 177, 178, 179, 181, 182, 185, 186, 188, 189, 191, 193, 196, 197, 200, 202, 204, 205, 211, 212, 214, 215, 216, 217, 219, 221, 223, 224, 225, 226, 227, 228, 229, 232, 233, 235, 236, 243, 244, 246, 247, 248, 250, 252, 253, 254, 255, 259, 263, 266, 267, 268, 273, 275, 276, 278, 281, 283, 284, 285, 286, 292, 295, 296, 297, 300, 301, 307, 309, 310, 311, 312, 313, 315, 316, 317, 319, 321, 323, 325, 327, 329, 331, 333, 334, 335]
  Groupe négatif (reads0): 168 éléments
    Indices: [0, 1, 2, 8, 9, 10, 11, 12, 13, 15, 18, 21, 23, 24, 27, 29, 31, 32, 34, 35, 37, 38, 39, 40, 41, 42, 43, 44, 46, 47, 48, 49, 53, 55, 60, 61, 62, 63, 66, 69, 70, 71, 75, 76, 78, 82, 83, 84, 85, 86, 87, 92, 93, 95, 96, 97, 98, 108, 111, 112, 113, 114, 118, 119, 120, 125, 126, 129, 130, 131, 133, 134, 135, 137, 140, 144, 146, 148, 149, 150, 152, 153, 157, 158, 160, 161, 164, 165, 169, 173, 175, 176, 180, 183, 184, 187, 190, 192, 194, 195, 198, 199, 201, 203, 206, 207, 208, 209, 210, 213, 218, 220, 222, 230, 231, 234, 237, 238, 239, 240, 241, 242, 245, 249, 251, 256, 257, 258, 260, 261, 262, 264, 265, 269, 270, 271, 272, 274, 277, 279, 280, 282, 287, 288, 289, 290, 291, 293, 294, 298, 299, 302, 303, 304, 305, 306, 308, 314, 318, 320, 322, 324, 326, 328, 330, 332, 336, 337]
  Colonnes concernées: 6 éléments
    Indices: [1, 4, 12, 53, 74, 81]
  Ratio: 170:168 (positif:négatif)

----------------------------------------

STEP 5:
  Groupe positif (reads1): 223 éléments
    Indices: [0, 1, 2, 3, 4, 5, 6, 7, 12, 14, 16, 17, 18, 19, 20, 22, 25, 26, 28, 30, 31, 33, 36, 41, 45, 48, 50, 51, 52, 54, 56, 57, 58, 59, 60, 62, 63, 64, 65, 67, 68, 72, 73, 74, 76, 77, 79, 80, 81, 88, 89, 90, 91, 92, 94, 95, 97, 99, 100, 101, 102, 103, 104, 105, 106, 107, 108, 109, 110, 112, 114, 115, 116, 117, 118, 120, 121, 122, 123, 124, 127, 128, 129, 132, 135, 136, 138, 139, 140, 141, 142, 143, 145, 147, 148, 150, 151, 154, 155, 156, 159, 162, 163, 164, 166, 167, 168, 170, 171, 172, 174, 177, 178, 179, 181, 182, 185, 186, 187, 188, 189, 190, 191, 192, 193, 195, 196, 197, 200, 201, 202, 204, 205, 210, 211, 212, 213, 214, 215, 216, 217, 219, 221, 222, 223, 224, 225, 226, 227, 228, 229, 232, 233, 234, 235, 236, 240, 242, 243, 244, 245, 246, 247, 248, 250, 252, 253, 254, 255, 256, 257, 259, 260, 263, 264, 265, 266, 267, 268, 271, 273, 274, 275, 276, 278, 281, 282, 283, 284, 285, 286, 288, 292, 295, 296, 297, 298, 300, 301, 305, 306, 307, 309, 310, 311, 312, 313, 314, 315, 316, 317, 319, 321, 322, 323, 325, 327, 329, 331, 333, 334, 335, 336]
  Groupe négatif (reads0): 115 éléments
    Indices: [8, 9, 10, 11, 13, 15, 21, 23, 24, 27, 29, 32, 34, 35, 37, 38, 39, 40, 42, 43, 44, 46, 47, 49, 53, 55, 61, 66, 69, 70, 71, 75, 78, 82, 83, 84, 85, 86, 87, 93, 96, 98, 111, 113, 119, 125, 126, 130, 131, 133, 134, 137, 144, 146, 149, 152, 153, 157, 158, 160, 161, 165, 169, 173, 175, 176, 180, 183, 184, 194, 198, 199, 203, 206, 207, 208, 209, 218, 220, 230, 231, 237, 238, 239, 241, 249, 251, 258, 261, 262, 269, 270, 272, 277, 279, 280, 287, 289, 290, 291, 293, 294, 299, 302, 303, 304, 308, 318, 320, 324, 326, 328, 330, 332, 337]
  Colonnes concernées: 3 éléments
    Indices: [16, 111, 162]
  Ratio: 223:115 (positif:négatif)

----------------------------------------

STEP 6:
  Groupe positif (reads1): 292 éléments
    Indices: [0, 1, 2, 3, 4, 5, 6, 7, 9, 11, 12, 13, 14, 15, 16, 17, 18, 19, 20, 21, 22, 23, 24, 25, 26, 27, 28, 29, 30, 31, 32, 33, 35, 36, 39, 40, 41, 45, 46, 47, 48, 49, 50, 51, 52, 54, 55, 56, 57, 58, 59, 60, 62, 63, 64, 65, 66, 67, 68, 70, 71, 72, 73, 74, 75, 76, 77, 78, 79, 80, 81, 83, 84, 85, 86, 87, 88, 89, 90, 91, 92, 93, 94, 95, 97, 98, 99, 100, 101, 102, 103, 104, 105, 106, 107, 108, 109, 110, 111, 112, 114, 115, 116, 117, 118, 119, 120, 121, 122, 123, 124, 125, 127, 128, 129, 130, 131, 132, 135, 136, 138, 139, 140, 141, 142, 143, 145, 146, 147, 148, 149, 150, 151, 152, 153, 154, 155, 156, 157, 159, 162, 163, 164, 165, 166, 167, 168, 169, 170, 171, 172, 173, 174, 177, 178, 179, 181, 182, 184, 185, 186, 187, 188, 189, 190, 191, 192, 193, 194, 195, 196, 197, 199, 200, 201, 202, 204, 205, 207, 208, 209, 210, 211, 212, 213, 214, 215, 216, 217, 218, 219, 220, 221, 222, 223, 224, 225, 226, 227, 228, 229, 230, 231, 232, 233, 234, 235, 237, 239, 240, 242, 243, 244, 246, 247, 248, 249, 250, 252, 253, 254, 255, 256, 257, 259, 260, 261, 263, 264, 265, 266, 267, 268, 269, 271, 272, 273, 274, 275, 276, 278, 281, 282, 283, 284, 285, 286, 287, 288, 289, 291, 292, 293, 294, 295, 296, 297, 298, 299, 300, 301, 302, 305, 306, 307, 308, 309, 310, 311, 312, 313, 314, 315, 316, 317, 319, 321, 322, 323, 324, 325, 326, 327, 328, 329, 331, 332, 333, 334, 335, 336, 337]
  Groupe négatif (reads0): 46 éléments
    Indices: [8, 10, 34, 37, 38, 42, 43, 44, 53, 61, 69, 82, 96, 113, 126, 133, 134, 137, 144, 158, 160, 161, 175, 176, 180, 183, 198, 203, 206, 236, 238, 241, 245, 251, 258, 262, 270, 277, 279, 280, 290, 303, 304, 318, 320, 330]
  Colonnes concernées: 3 éléments
    Indices: [25, 139, 146]
  Ratio: 292:46 (positif:négatif)

----------------------------------------

STEP 7:
  Groupe positif (reads1): 118 éléments
    Indices: [8, 9, 10, 11, 13, 15, 21, 23, 24, 27, 29, 32, 34, 35, 37, 38, 39, 40, 42, 43, 44, 46, 47, 49, 53, 55, 61, 66, 69, 70, 71, 75, 78, 82, 83, 84, 85, 86, 87, 93, 96, 98, 111, 113, 119, 125, 126, 130, 131, 133, 134, 135, 137, 144, 146, 149, 152, 153, 157, 158, 160, 161, 165, 169, 173, 175, 176, 180, 183, 184, 194, 198, 199, 203, 206, 207, 208, 209, 218, 220, 230, 231, 237, 238, 239, 241, 245, 249, 251, 258, 261, 262, 269, 270, 272, 274, 277, 279, 280, 287, 289, 290, 291, 293, 294, 299, 302, 303, 304, 308, 318, 320, 324, 326, 328, 330, 332, 337]
  Groupe négatif (reads0): 220 éléments
    Indices: [0, 1, 2, 3, 4, 5, 6, 7, 12, 14, 16, 17, 18, 19, 20, 22, 25, 26, 28, 30, 31, 33, 36, 41, 45, 48, 50, 51, 52, 54, 56, 57, 58, 59, 60, 62, 63, 64, 65, 67, 68, 72, 73, 74, 76, 77, 79, 80, 81, 88, 89, 90, 91, 92, 94, 95, 97, 99, 100, 101, 102, 103, 104, 105, 106, 107, 108, 109, 110, 112, 114, 115, 116, 117, 118, 120, 121, 122, 123, 124, 127, 128, 129, 132, 136, 138, 139, 140, 141, 142, 143, 145, 147, 148, 150, 151, 154, 155, 156, 159, 162, 163, 164, 166, 167, 168, 170, 171, 172, 174, 177, 178, 179, 181, 182, 185, 186, 187, 188, 189, 190, 191, 192, 193, 195, 196, 197, 200, 201, 202, 204, 205, 210, 211, 212, 213, 214, 215, 216, 217, 219, 221, 222, 223, 224, 225, 226, 227, 228, 229, 232, 233, 234, 235, 236, 240, 242, 243, 244, 246, 247, 248, 250, 252, 253, 254, 255, 256, 257, 259, 260, 263, 264, 265, 266, 267, 268, 271, 273, 275, 276, 278, 281, 282, 283, 284, 285, 286, 288, 292, 295, 296, 297, 298, 300, 301, 305, 306, 307, 309, 310, 311, 312, 313, 314, 315, 316, 317, 319, 321, 322, 323, 325, 327, 329, 331, 333, 334, 335, 336]
  Colonnes concernées: 11 éléments
    Indices: [34, 56, 85, 110, 112, 114, 117, 123, 136, 137, 156]
  Ratio: 118:220 (positif:négatif)

----------------------------------------

STEP 8:
  Groupe positif (reads1): 288 éléments
    Indices: [3, 4, 5, 6, 7, 8, 9, 10, 11, 13, 14, 15, 16, 17, 19, 20, 21, 22, 23, 24, 25, 26, 27, 28, 29, 30, 32, 33, 34, 35, 36, 37, 38, 39, 40, 42, 43, 44, 45, 46, 47, 49, 50, 51, 52, 53, 54, 55, 56, 57, 58, 59, 61, 64, 65, 66, 67, 68, 69, 70, 71, 72, 73, 74, 75, 77, 78, 79, 80, 81, 82, 83, 84, 85, 86, 87, 88, 89, 90, 91, 93, 94, 96, 98, 99, 100, 101, 102, 103, 104, 105, 106, 107, 109, 110, 111, 113, 115, 116, 117, 119, 121, 122, 123, 124, 125, 126, 127, 128, 130, 131, 132, 133, 134, 135, 136, 137, 138, 139, 141, 142, 143, 144, 145, 146, 147, 149, 151, 152, 153, 154, 155, 156, 157, 158, 159, 160, 161, 162, 163, 165, 166, 167, 168, 169, 170, 171, 172, 173, 174, 175, 176, 177, 178, 179, 180, 181, 182, 183, 184, 185, 186, 188, 189, 191, 193, 194, 196, 197, 198, 199, 200, 202, 203, 204, 205, 206, 207, 208, 209, 211, 212, 214, 215, 216, 217, 218, 219, 220, 221, 223, 224, 225, 226, 227, 228, 229, 230, 231, 232, 233, 235, 236, 237, 238, 239, 241, 243, 244, 245, 246, 247, 248, 249, 250, 251, 252, 253, 254, 255, 258, 259, 261, 262, 263, 266, 267, 268, 269, 270, 272, 273, 274, 275, 276, 277, 278, 279, 280, 281, 283, 284, 285, 286, 287, 289, 290, 291, 292, 293, 294, 295, 296, 297, 299, 300, 301, 302, 303, 304, 307, 308, 309, 310, 311, 312, 313, 315, 316, 317, 318, 319, 320, 321, 323, 324, 325, 326, 327, 328, 329, 330, 331, 332, 333, 334, 335, 337]
  Groupe négatif (reads0): 50 éléments
    Indices: [0, 1, 2, 12, 18, 31, 41, 48, 60, 62, 63, 76, 92, 95, 97, 108, 112, 114, 118, 120, 129, 140, 148, 150, 164, 187, 190, 192, 195, 201, 210, 213, 222, 234, 240, 242, 256, 257, 260, 264, 265, 271, 282, 288, 298, 305, 306, 314, 322, 336]
  Colonnes concernées: 19 éléments
    Indices: [32, 43, 48, 61, 68, 100, 103, 104, 105, 107, 108, 109, 121, 143, 150, 175, 176, 178, 183]
  Ratio: 288:50 (positif:négatif)

----------------------------------------

STEP 9:
  Groupe positif (reads1): 278 éléments
    Indices: [0, 1, 2, 5, 6, 8, 9, 10, 11, 12, 13, 15, 16, 17, 18, 19, 21, 23, 24, 25, 26, 27, 28, 29, 31, 32, 33, 34, 35, 37, 38, 39, 40, 41, 42, 43, 44, 45, 46, 47, 48, 49, 50, 51, 52, 53, 55, 56, 57, 59, 60, 61, 62, 63, 65, 66, 68, 69, 70, 71, 73, 75, 76, 77, 78, 79, 82, 83, 84, 85, 86, 87, 88, 89, 91, 92, 93, 95, 96, 97, 98, 99, 100, 101, 102, 104, 105, 106, 108, 109, 110, 111, 112, 113, 114, 115, 116, 117, 118, 119, 122, 124, 125, 126, 127, 128, 129, 130, 131, 132, 133, 134, 135, 137, 138, 139, 140, 141, 142, 144, 145, 146, 147, 148, 149, 150, 151, 152, 153, 155, 156, 157, 158, 159, 160, 161, 164, 165, 166, 167, 169, 170, 171, 172, 173, 174, 175, 176, 179, 180, 181, 182, 183, 184, 186, 187, 189, 190, 192, 193, 194, 195, 196, 197, 198, 199, 201, 203, 205, 206, 207, 208, 209, 210, 211, 214, 216, 218, 220, 221, 222, 223, 224, 225, 226, 227, 230, 231, 232, 233, 234, 235, 236, 237, 238, 239, 240, 241, 242, 243, 244, 245, 248, 249, 250, 251, 252, 253, 255, 256, 257, 258, 259, 260, 261, 262, 264, 265, 267, 268, 269, 270, 271, 272, 274, 275, 276, 277, 278, 279, 280, 281, 282, 283, 284, 285, 286, 287, 288, 289, 290, 291, 293, 294, 295, 297, 298, 299, 300, 302, 303, 304, 305, 306, 307, 308, 311, 312, 313, 314, 315, 316, 317, 318, 319, 320, 321, 322, 323, 324, 326, 328, 329, 330, 331, 332, 336, 337]
  Groupe négatif (reads0): 60 éléments
    Indices: [3, 4, 7, 14, 20, 22, 30, 36, 54, 58, 64, 67, 72, 74, 80, 81, 90, 94, 103, 107, 120, 121, 123, 136, 143, 154, 162, 163, 168, 177, 178, 185, 188, 191, 200, 202, 204, 212, 213, 215, 217, 219, 228, 229, 246, 247, 254, 263, 266, 273, 292, 296, 301, 309, 310, 325, 327, 333, 334, 335]
  Colonnes concernées: 4 éléments
    Indices: [24, 31, 33, 191]
  Ratio: 278:60 (positif:négatif)

----------------------------------------

STEP 10:
  Groupe positif (reads1): 170 éléments
    Indices: [3, 4, 5, 6, 7, 14, 16, 17, 19, 20, 22, 25, 26, 28, 30, 33, 36, 45, 50, 51, 52, 54, 56, 57, 58, 59, 64, 65, 67, 68, 72, 73, 74, 77, 79, 80, 81, 88, 89, 90, 91, 94, 99, 100, 101, 102, 103, 104, 105, 106, 107, 109, 110, 115, 116, 117, 121, 122, 123, 124, 127, 128, 132, 136, 138, 139, 141, 142, 143, 145, 147, 151, 154, 155, 156, 159, 162, 163, 166, 167, 168, 170, 171, 172, 174, 177, 178, 179, 181, 182, 185, 186, 188, 189, 191, 193, 196, 197, 200, 202, 204, 205, 211, 212, 214, 215, 216, 217, 219, 221, 223, 224, 225, 226, 227, 228, 229, 232, 233, 235, 236, 243, 244, 246, 247, 248, 250, 252, 253, 254, 255, 259, 263, 266, 267, 268, 273, 275, 276, 278, 281, 283, 284, 285, 286, 292, 295, 296, 297, 300, 301, 307, 309, 310, 311, 312, 313, 315, 316, 317, 319, 321, 323, 325, 327, 329, 331, 333, 334, 335]
  Groupe négatif (reads0): 168 éléments
    Indices: [0, 1, 2, 8, 9, 10, 11, 12, 13, 15, 18, 21, 23, 24, 27, 29, 31, 32, 34, 35, 37, 38, 39, 40, 41, 42, 43, 44, 46, 47, 48, 49, 53, 55, 60, 61, 62, 63, 66, 69, 70, 71, 75, 76, 78, 82, 83, 84, 85, 86, 87, 92, 93, 95, 96, 97, 98, 108, 111, 112, 113, 114, 118, 119, 120, 125, 126, 129, 130, 131, 133, 134, 135, 137, 140, 144, 146, 148, 149, 150, 152, 153, 157, 158, 160, 161, 164, 165, 169, 173, 175, 176, 180, 183, 184, 187, 190, 192, 194, 195, 198, 199, 201, 203, 206, 207, 208, 209, 210, 213, 218, 220, 222, 230, 231, 234, 237, 238, 239, 240, 241, 242, 245, 249, 251, 256, 257, 258, 260, 261, 262, 264, 265, 269, 270, 271, 272, 274, 277, 279, 280, 282, 287, 288, 289, 290, 291, 293, 294, 298, 299, 302, 303, 304, 305, 306, 308, 314, 318, 320, 322, 324, 326, 328, 330, 332, 336, 337]
  Colonnes concernées: 8 éléments
    Indices: [49, 58, 83, 88, 89, 141, 148, 161]
  Ratio: 170:168 (positif:négatif)

----------------------------------------

STEP 11:
  Groupe positif (reads1): 130 éléments
    Indices: [3, 4, 5, 6, 7, 14, 16, 17, 19, 20, 22, 25, 26, 30, 33, 36, 45, 50, 52, 54, 56, 57, 58, 59, 64, 65, 67, 68, 72, 74, 79, 80, 81, 89, 90, 91, 94, 99, 100, 103, 104, 105, 106, 107, 115, 117, 121, 122, 123, 127, 128, 132, 136, 138, 139, 145, 147, 154, 155, 156, 162, 163, 167, 168, 172, 177, 178, 181, 182, 185, 188, 189, 191, 196, 197, 200, 202, 204, 211, 212, 214, 215, 217, 219, 221, 223, 225, 226, 227, 228, 229, 233, 235, 244, 246, 247, 248, 250, 252, 253, 254, 255, 259, 263, 266, 267, 268, 273, 283, 284, 292, 296, 297, 300, 301, 309, 310, 312, 313, 315, 316, 317, 319, 321, 325, 327, 329, 331, 333, 334]
  Groupe négatif (reads0): 208 éléments
    Indices: [0, 1, 2, 8, 9, 10, 11, 12, 13, 15, 18, 21, 23, 24, 27, 28, 29, 31, 32, 34, 35, 37, 38, 39, 40, 41, 42, 43, 44, 46, 47, 48, 49, 51, 53, 55, 60, 61, 62, 63, 66, 69, 70, 71, 73, 75, 76, 77, 78, 82, 83, 84, 85, 86, 87, 88, 92, 93, 95, 96, 97, 98, 101, 102, 108, 109, 110, 111, 112, 113, 114, 116, 118, 119, 120, 124, 125, 126, 129, 130, 131, 133, 134, 135, 137, 140, 141, 142, 143, 144, 146, 148, 149, 150, 151, 152, 153, 157, 158, 159, 160, 161, 164, 165, 166, 169, 170, 171, 173, 174, 175, 176, 179, 180, 183, 184, 186, 187, 190, 192, 193, 194, 195, 198, 199, 201, 203, 205, 206, 207, 208, 209, 210, 213, 216, 218, 220, 222, 224, 230, 231, 232, 234, 236, 237, 238, 239, 240, 241, 242, 243, 245, 249, 251, 256, 257, 258, 260, 261, 262, 264, 265, 269, 270, 271, 272, 274, 275, 276, 277, 278, 279, 280, 281, 282, 285, 286, 287, 288, 289, 290, 291, 293, 294, 295, 298, 299, 302, 303, 304, 305, 306, 307, 308, 311, 314, 318, 320, 322, 323, 324, 326, 328, 330, 332, 335, 336, 337]
  Colonnes concernées: 4 éléments
    Indices: [124, 159, 160, 169]
  Ratio: 130:208 (positif:négatif)

----------------------------------------

STEP 12:
  Groupe positif (reads1): 297 éléments
    Indices: [0, 1, 2, 3, 4, 5, 6, 7, 8, 9, 10, 12, 13, 14, 15, 16, 17, 18, 19, 20, 21, 22, 24, 25, 26, 28, 30, 31, 33, 34, 36, 37, 38, 41, 42, 43, 44, 45, 47, 48, 50, 51, 52, 53, 54, 56, 57, 58, 59, 60, 61, 62, 63, 64, 65, 67, 68, 69, 71, 72, 73, 74, 75, 76, 77, 79, 80, 81, 82, 83, 84, 85, 88, 89, 90, 91, 92, 94, 95, 96, 97, 99, 100, 101, 102, 103, 104, 105, 106, 107, 108, 109, 110, 112, 113, 114, 115, 116, 117, 118, 120, 121, 122, 123, 124, 125, 126, 127, 128, 129, 132, 133, 134, 135, 136, 137, 138, 139, 140, 141, 142, 143, 144, 145, 147, 148, 150, 151, 152, 154, 155, 156, 158, 159, 160, 161, 162, 163, 164, 165, 166, 167, 168, 169, 170, 171, 172, 173, 174, 175, 176, 177, 178, 179, 180, 181, 182, 183, 184, 185, 186, 187, 188, 189, 190, 191, 192, 193, 194, 195, 196, 197, 198, 199, 200, 201, 202, 203, 204, 205, 206, 207, 208, 210, 211, 212, 213, 214, 215, 216, 217, 219, 220, 221, 222, 223, 224, 225, 226, 227, 228, 229, 230, 232, 233, 234, 235, 236, 238, 240, 241, 242, 243, 244, 245, 246, 247, 248, 249, 250, 251, 252, 253, 254, 255, 256, 257, 258, 259, 260, 262, 263, 264, 265, 266, 267, 268, 269, 270, 271, 273, 275, 276, 277, 278, 279, 280, 281, 282, 283, 284, 285, 286, 287, 288, 289, 290, 292, 295, 296, 297, 298, 299, 300, 301, 303, 304, 305, 306, 307, 309, 310, 311, 312, 313, 314, 315, 316, 317, 318, 319, 320, 321, 322, 323, 324, 325, 326, 327, 329, 330, 331, 333, 334, 335, 336, 337]
  Groupe négatif (reads0): 41 éléments
    Indices: [11, 23, 27, 29, 32, 35, 39, 40, 46, 49, 55, 66, 70, 78, 86, 87, 93, 98, 111, 119, 130, 131, 146, 149, 153, 157, 209, 218, 231, 237, 239, 261, 272, 274, 291, 293, 294, 302, 308, 328, 332]
  Colonnes concernées: 4 éléments
    Indices: [37, 71, 77, 153]
  Ratio: 297:41 (positif:négatif)

----------------------------------------

